13 3 13 13 1
12 11 10  3 A  5  8  2  7 B  9 13  6  4 E 
13 12 11  4 B  6  9  3  8 C 10  1  7  5 F 
 1 13 12  5 C  7 10  4  9 D 11  2  8  6 G 
 2  1 13  6 D  8 11  5 10 E 12  3  9  7 H 
 3  2  1  7 E  9 12  6 11 F 13  4 10  8 I 
 4  3  2  8 F 10 13  7 12 G  1  5 11  9 J 
 5  4  3  9 G 11  1  8 13 H  2  6 12 10 K 
 6  5  4 10 H 12  2  9  1 I  3  7 13 11 L 
 7  6  5 11 I 13  3 10  2 J  4  8  1 12 M 
 8  7  6 12 J  1  4 11  3 K  5  9  2 13 A 
 9  8  7 13 K  2  5 12  4 L  6 10  3  1 B 
10  9  8  1 L  3  6 13  5 M  7 11  4  2 C 
11 10  9  2 M  4  7  1  6 A  8 12  5  3 D 
