16 4 15 15 1
16  1  7  9 A 15 12 13  2 A  6 11  3 10 A  8 14  4  5 A 
16  2  8 10 B  1 13 14  3 B  7 12  4 11 B  9 15  5  6 B 
16  3  9 11 C  2 14 15  4 C  8 13  5 12 C 10  1  6  7 C 
16  4 10 12 D  3 15  1  5 D  9 14  6 13 D 11  2  7  8 D 
16  5 11 13 E  4  1  2  6 E 10 15  7 14 E 12  3  8  9 E 
16  6 12 14 F  5  2  3  7 F 11  1  8 15 F 13  4  9 10 F 
16  7 13 15 G  6  3  4  8 G 12  2  9  1 G 14  5 10 11 G 
16  8 14  1 H  7  4  5  9 H 13  3 10  2 H 15  6 11 12 H 
16  9 15  2 I  8  5  6 10 I 14  4 11  3 I  1  7 12 13 I 
16 10  1  3 J  9  6  7 11 J 15  5 12  4 J  2  8 13 14 J 
16 11  2  4 K 10  7  8 12 K  1  6 13  5 K  3  9 14 15 K 
16 12  3  5 L 11  8  9 13 L  2  7 14  6 L  4 10 15  1 L 
16 13  4  6 M 12  9 10 14 M  3  8 15  7 M  5 11  1  2 M 
16 14  5  7 N 13 10 11 15 N  4  9  1  8 N  6 12  2  3 N 
16 15  6  8 O 14 11 12  1 O  5 10  2  9 O  7 13  3  4 O 
