16 4 12 12 1
13  1  4  3 A 11  7 14  6 B  2  9 10 15 C 12 16  8  5 D 
13  2  5  4 B 12  8 14  1 C  3 10 11 15 D  7 16  9  6 E 
 6  5 13  3 C  7  9 14  2 D 12 15  4 11 E 10  1  8 16 F 
13  4  1  6 D  8 10 14  3 E  5 12  7 15 F  9 16 11  2 A 
 2  1 13  5 E  9 11 14  4 F  8 15  6  7 A 12  3 10 16 B 
13  6  2  3 F  5 14 10 12 A 15  9  1  8 B  4  7 11 16 C 
13  7 10  9 G 14 12  6  2 H  8  4  5 15 I  1 16  3 11 J 
13  8 11 10 H  1  3 14  7 I  6 15  9  5 J  2 16  4 12 K 
13  9 12 11 I  2  4 14  8 J 10  6  1 15 K  5  7  3 16 L 
13 10  7 12 J 14  9  3  5 K 11  1  2 15 L  4 16  6  8 G 
13 11  8  7 K  4  6 14 10 L 12  2  3 15 G  5 16  1  9 H 
 8  9 13 12 L 11 14  5  1 G 15  4  7  3 H 10  2  6 16 I 
