16 4 15 15 1
16  1  6 11 A  2  5  9  8 B  7 14 13 10 C 12 15  4  3 C 
16 11  6  1 B  2  8  9  5 C  7 10 13 14 A 12  3  4 15 A 
16  6 11  1 C  2  9  8  5 A  7 13 10 14 B 12  4  3 15 B 
16  2  7 12 D  3  1 10  9 E  8 15 14  6 F 13 11  5  4 F 
16 12  7  2 E  3  9 10  1 F  8  6 14 15 D 13  4  5 11 D 
16  7 12  2 F  3 10  9  1 D  8 14  6 15 E 13  5  4 11 E 
16  3  8 13 G  4  2  6 10 H  9 11 15  7 I 14 12  1  5 I 
16 13  8  3 H  4 10  6  2 I  9  7 15 11 G 14  5  1 12 G 
16  8 13  3 I  4  6 10  2 G  9 15  7 11 H 14  1  5 12 H 
16  4  9 14 J  5  3  7  6 K 10 12 11  8 L 15 13  2  1 L 
16 14  9  4 K  5  6  7  3 L 10  8 11 12 J 15  1  2 13 J 
16  9 14  4 L  5  7  6  3 J 10 11  8 12 K 15  2  1 13 K 
16  5 10 15 M  1  4  8  7 N  6 13 12  9 O 11 14  3  2 O 
16 15 10  5 N  1  7  8  4 O  6  9 12 13 M 11  2  3 14 M 
16 10 15  5 O  1  8  7  4 M  6 12  9 13 N 11  3  2 14 N 
