17 4 9 9 1
17  2 11  8 A 16  3  4 15 A 14  5  7 12 A  9 10 13  6 A 
 1  3 12  9 B 17  4  5 16 B 15  6  8 13 B 10 11 14  7 B 
 2  4 13 10 C  1  5  6 17 C 16  7  9 14 C 11 12 15  8 C 
 3  5 14 11 D  2  6  7  1 D 17  8 10 15 D 12 13 16  9 D 
 4  6 15 12 E  3  7  8  2 E  1  9 11 16 E 13 14 17 10 E 
 5  7 16 13 F  4  8  9  3 F  2 10 12 17 F 14 15  1 11 F 
 6  8 17 14 G  5  9 10  4 G  3 11 13  1 G 15 16  2 12 G 
 7  9  1 15 H  6 10 11  5 H  4 12 14  2 H 16 17  3 13 H 
 8 10  2 16 I  7 11 12  6 I  5 13 15  3 I 17  1  4 14 I 
