20 5 9 9 1
20 11  5  9 A 19 14 12 10 A 15  7 18  6 A 17 16  4  1 A  2  8 13  3 A 
20 12  6 10 B  1 15 13 11 B 16  8 19  7 B 18 17  5  2 B  3  9 14  4 B 
20 13  7 11 C  2 16 14 12 C 17  9  1  8 C 19 18  6  3 C  4 10 15  5 C 
20 14  8 12 D  3 17 15 13 D 18 10  2  9 D  1 19  7  4 D  5 11 16  6 D 
20 15  9 13 E  4 18 16 14 E 19 11  3 10 E  2  1  8  5 E  6 12 17  7 E 
20 16 10 14 F  5 19 17 15 F  1 12  4 11 F  3  2  9  6 F  7 13 18  8 F 
20 17 11 15 G  6  1 18 16 G  2 13  5 12 G  4  3 10  7 G  8 14 19  9 G 
20 18 12 16 H  7  2 19 17 H  3 14  6 13 H  5  4 11  8 H  9 15  1 10 H 
20 19 13 17 I  8  3  1 18 I  4 15  7 14 I  6  5 12  9 I 10 16  2 11 I 
