20 5 10 10 1
20  1 14 18 A  9  4  2 19 A  5 16  8 15 A  7  6 13 10 A 11 17  3 12 A 
20  2 15 19 B 10  5  3  1 B  6 17  9 16 B  8  7 14 11 B 12 18  4 13 B 
20  3 16  1 C 11  6  4  2 C  7 18 10 17 C  9  8 15 12 C 13 19  5 14 C 
20  4 17  2 D 12  7  5  3 D  8 19 11 18 D 10  9 16 13 D 14  1  6 15 D 
20  5 18  3 E 13  8  6  4 E  9  1 12 19 E 11 10 17 14 E 15  2  7 16 E 
20  6 19  4 F 14  9  7  5 F 10  2 13  1 F 12 11 18 15 F 16  3  8 17 F 
20  7  1  5 G 15 10  8  6 G 11  3 14  2 G 13 12 19 16 G 17  4  9 18 G 
20  8  2  6 H 16 11  9  7 H 12  4 15  3 H 14 13  1 17 H 18  5 10 19 H 
20  9  3  7 I 17 12 10  8 I 13  5 16  4 I 15 14  2 18 I 19  6 11  1 I 
20 10  4  8 J 18 13 11  9 J 14  6 17  5 J 16 15  3 19 J  1  7 12  2 J