21 5 10 10 1
11 20 13 16 A 18  4  1  3 A 17  6  5  9 A  7  8 14 19 A 10  2 15 21 A 
12 21 14 17 B 19  5  2  4 B 18  7  6 10 B  8  9 15 20 B 11  3 16  1 B 
13  1 15 18 C 20  6  3  5 C 19  8  7 11 C  9 10 16 21 C 12  4 17  2 C 
14  2 16 19 D 21  7  4  6 D 20  9  8 12 D 10 11 17  1 D 13  5 18  3 D 
15  3 17 20 E  1  8  5  7 E 21 10  9 13 E 11 12 18  2 E 14  6 19  4 E 
16  4 18 21 F  2  9  6  8 F  1 11 10 14 F 12 13 19  3 F 15  7 20  5 F 
17  5 19  1 G  3 10  7  9 G  2 12 11 15 G 13 14 20  4 G 16  8 21  6 G 
18  6 20  2 H  4 11  8 10 H  3 13 12 16 H 14 15 21  5 H 17  9  1  7 H 
19  7 21  3 I  5 12  9 11 I  4 14 13 17 I 15 16  1  6 I 18 10  2  8 I 
20  8  1  4 J  6 13 10 12 J  5 15 14 18 J 16 17  2  7 J 19 11  3  9 J 
