21 5 21 21 1
21  9  2  5 A  7 14 11 13 A  6 16 15 19 A 17 18  3  8 A 20 12  4 10 A 
 1 10  3  6 B  8 15 12 14 B  7 17 16 20 B 18 19  4  9 B 21 13  5 11 B 
 2 11  4  7 C  9 16 13 15 C  8 18 17 21 C 19 20  5 10 C  1 14  6 12 C 
 3 12  5  8 D 10 17 14 16 D  9 19 18  1 D 20 21  6 11 D  2 15  7 13 D 
 4 13  6  9 E 11 18 15 17 E 10 20 19  2 E 21  1  7 12 E  3 16  8 14 E 
 5 14  7 10 F 12 19 16 18 F 11 21 20  3 F  1  2  8 13 F  4 17  9 15 F 
 6 15  8 11 G 13 20 17 19 G 12  1 21  4 G  2  3  9 14 G  5 18 10 16 G 
 7 16  9 12 H 14 21 18 20 H 13  2  1  5 H  3  4 10 15 H  6 19 11 17 H 
 8 17 10 13 I 15  1 19 21 I 14  3  2  6 I  4  5 11 16 I  7 20 12 18 I 
 9 18 11 14 J 16  2 20  1 J 15  4  3  7 J  5  6 12 17 J  8 21 13 19 J 
10 19 12 15 K 17  3 21  2 K 16  5  4  8 K  6  7 13 18 K  9  1 14 20 K 
11 20 13 16 L 18  4  1  3 L 17  6  5  9 L  7  8 14 19 L 10  2 15 21 L 
12 21 14 17 M 19  5  2  4 M 18  7  6 10 M  8  9 15 20 M 11  3 16  1 M 
13  1 15 18 N 20  6  3  5 N 19  8  7 11 N  9 10 16 21 N 12  4 17  2 N 
14  2 16 19 O 21  7  4  6 O 20  9  8 12 O 10 11 17  1 O 13  5 18  3 O 
15  3 17 20 P  1  8  5  7 P 21 10  9 13 P 11 12 18  2 P 14  6 19  4 P 
16  4 18 21 Q  2  9  6  8 Q  1 11 10 14 Q 12 13 19  3 Q 15  7 20  5 Q 
17  5 19  1 R  3 10  7  9 R  2 12 11 15 R 13 14 20  4 R 16  8 21  6 R 
18  6 20  2 S  4 11  8 10 S  3 13 12 16 S 14 15 21  5 S 17  9  1  7 S 
19  7 21  3 T  5 12  9 11 T  4 14 13 17 T 15 16  1  6 T 18 10  2  8 T 
20  8  1  4 U  6 13 10 12 U  5 15 14 18 U 16 17  2  7 U 19 11  3  9 U 
