21 5 21 21 1 g
 7 14  8 10  1   4 15 12 13  2  11  3  6 18  3  21  5  9 20  4  16 19 17  2  5  
 1  8  9 11  2   5 16 13 14  3  12  4  7 19  4  15  6 10 21  5  17 20 18  3  6  
 2  9 10 12  3   6 17 14  8  4  13  5  1 20  5  16  7 11 15  6  18 21 19  4  7  
 3 10 11 13  4   7 18  8  9  5  14  6  2 21  6  17  1 12 16  7  19 15 20  5  1  
 4 11 12 14  5   1 19  9 10  6   8  7  3 15  7  18  2 13 17  1  20 16 21  6  2  
 5 12 13  8  6   2 20 10 11  7   9  1  4 16  1  19  3 14 18  2  21 17 15  7  3  
 6 13 14  9  7   3 21 11 12  1  10  2  5 17  2  20  4  8 19  3  15 18 16  1  4  
14 21 15 17  8  11  1 19 20  9  18 10 13  4 10   7 12 16  6 11   2  5  3  9 12  
 8 15 16 18  9  12  2 20 21 10  19 11 14  5 11   1 13 17  7 12   3  6  4 10 13  
 9 16 17 19 10  13  3 21 15 11  20 12  8  6 12   2 14 18  1 13   4  7  5 11 14  
10 17 18 20 11  14  4 15 16 12  21 13  9  7 13   3  8 19  2 14   5  1  6 12  8  
11 18 19 21 12   8  5 16 17 13  15 14 10  1 14   4  9 20  3  8   6  2  7 13  9  
12 19 20 15 13   9  6 17 18 14  16  8 11  2  8   5 10 21  4  9   7  3  1 14 10  
13 20 21 16 14  10  7 18 19  8  17  9 12  3  9   6 11 15  5 10   1  4  2  8 11  
21  7  1  3 15  18  8  5  6 16   4 17 20 11 17  14 19  2 13 18   9 12 10 16 19  
15  1  2  4 16  19  9  6  7 17   5 18 21 12 18   8 20  3 14 19  10 13 11 17 20  
16  2  3  5 17  20 10  7  1 18   6 19 15 13 19   9 21  4  8 20  11 14 12 18 21  
17  3  4  6 18  21 11  1  2 19   7 20 16 14 20  10 15  5  9 21  12  8 13 19 15  
18  4  5  7 19  15 12  2  3 20   1 21 17  8 21  11 16  6 10 15  13  9 14 20 16  
19  5  6  1 20  16 13  3  4 21   2 15 18  9 15  12 17  7 11 16  14 10  8 21 17  
20  6  7  2 21  17 14  4  5 15   3 16 19 10 16  13 18  1 12 17   8 11  9 15 18  
