24 6 23 23 1
24  1 11 17 A  2 13  5 23 A  3 12 15  7 A  4  6 21 20 A 18  8 19 22 A 16  9 10 14 A 
24  2 12 18 B  3 14  6  1 B  4 13 16  8 B  5  7 22 21 B 19  9 20 23 B 17 10 11 15 B 
24  3 13 19 C  4 15  7  2 C  5 14 17  9 C  6  8 23 22 C 20 10 21  1 C 18 11 12 16 C 
24  4 14 20 D  5 16  8  3 D  6 15 18 10 D  7  9  1 23 D 21 11 22  2 D 19 12 13 17 D 
24  5 15 21 E  6 17  9  4 E  7 16 19 11 E  8 10  2  1 E 22 12 23  3 E 20 13 14 18 E 
24  6 16 22 F  7 18 10  5 F  8 17 20 12 F  9 11  3  2 F 23 13  1  4 F 21 14 15 19 F 
24  7 17 23 G  8 19 11  6 G  9 18 21 13 G 10 12  4  3 G  1 14  2  5 G 22 15 16 20 G 
24  8 18  1 H  9 20 12  7 H 10 19 22 14 H 11 13  5  4 H  2 15  3  6 H 23 16 17 21 H 
24  9 19  2 I 10 21 13  8 I 11 20 23 15 I 12 14  6  5 I  3 16  4  7 I  1 17 18 22 I 
24 10 20  3 J 11 22 14  9 J 12 21  1 16 J 13 15  7  6 J  4 17  5  8 J  2 18 19 23 J 
24 11 21  4 K 12 23 15 10 K 13 22  2 17 K 14 16  8  7 K  5 18  6  9 K  3 19 20  1 K 
24 12 22  5 L 13  1 16 11 L 14 23  3 18 L 15 17  9  8 L  6 19  7 10 L  4 20 21  2 L 
24 13 23  6 M 14  2 17 12 M 15  1  4 19 M 16 18 10  9 M  7 20  8 11 M  5 21 22  3 M 
24 14  1  7 N 15  3 18 13 N 16  2  5 20 N 17 19 11 10 N  8 21  9 12 N  6 22 23  4 N 
24 15  2  8 O 16  4 19 14 O 17  3  6 21 O 18 20 12 11 O  9 22 10 13 O  7 23  1  5 O 
24 16  3  9 P 17  5 20 15 P 18  4  7 22 P 19 21 13 12 P 10 23 11 14 P  8  1  2  6 P 
24 17  4 10 Q 18  6 21 16 Q 19  5  8 23 Q 20 22 14 13 Q 11  1 12 15 Q  9  2  3  7 Q 
24 18  5 11 R 19  7 22 17 R 20  6  9  1 R 21 23 15 14 R 12  2 13 16 R 10  3  4  8 R 
24 19  6 12 S 20  8 23 18 S 21  7 10  2 S 22  1 16 15 S 13  3 14 17 S 11  4  5  9 S 
24 20  7 13 T 21  9  1 19 T 22  8 11  3 T 23  2 17 16 T 14  4 15 18 T 12  5  6 10 T 
24 21  8 14 U 22 10  2 20 U 23  9 12  4 U  1  3 18 17 U 15  5 16 19 U 13  6  7 11 U 
24 22  9 15 V 23 11  3 21 V  1 10 13  5 V  2  4 19 18 V 16  6 17 20 V 14  7  8 12 V 
24 23 10 16 W  1 12  4 22 W  2 11 14  6 W  3  5 20 19 W 17  7 18 21 W 15  8  9 13 W 
