24 6 12 12 1
24  1 11 17 A  2 13  5 23 A  3 12 15  7 A  4  6 21 20 A 18  8 19 22 A 16  9 10 14 A 
24  2 12 18 B  3 14  6  1 B  4 13 16  8 B  5  7 22 21 B 19  9 20 23 B 17 10 11 15 B 
24  3 13 19 C  4 15  7  2 C  5 14 17  9 C  6  8 23 22 C 20 10 21  1 C 18 11 12 16 C 
24  4 14 20 D  5 16  8  3 D  6 15 18 10 D  7  9  1 23 D 21 11 22  2 D 19 12 13 17 D 
24  5 15 21 E  6 17  9  4 E  7 16 19 11 E  8 10  2  1 E 22 12 23  3 E 20 13 14 18 E 
24  6 16 22 F  7 18 10  5 F  8 17 20 12 F  9 11  3  2 F 23 13  1  4 F 21 14 15 19 F 
24  7 17 23 G  8 19 11  6 G  9 18 21 13 G 10 12  4  3 G  1 14  2  5 G 22 15 16 20 G 
24  8 18  1 H  9 20 12  7 H 10 19 22 14 H 11 13  5  4 H  2 15  3  6 H 23 16 17 21 H 
24  9 19  2 I 10 21 13  8 I 11 20 23 15 I 12 14  6  5 I  3 16  4  7 I  1 17 18 22 I 
24 10 20  3 J 11 22 14  9 J 12 21  1 16 J 13 15  7  6 J  4 17  5  8 J  2 18 19 23 J 
24 11 21  4 K 12 23 15 10 K 13 22  2 17 K 14 16  8  7 K  5 18  6  9 K  3 19 20  1 K 
24 12 22  5 L 13  1 16 11 L 14 23  3 18 L 15 17  9  8 L  6 19  7 10 L  4 20 21  2 L