25 6 12 12 1
13 11 21  2 A  6 22  5 19 A 10 23 17 24 A 15 18 20 25 A 16  1  3  7 A  4 12  8  9 A 
14 12 22  3 B  7 23  6 20 B 11 24 18 25 B 16 19 21  1 B 17  2  4  8 B  5 13  9 10 B 
15 13 23  4 C  8 24  7 21 C 12 25 19  1 C 17 20 22  2 C 18  3  5  9 C  6 14 10 11 C 
16 14 24  5 D  9 25  8 22 D 13  1 20  2 D 18 21 23  3 D 19  4  6 10 D  7 15 11 12 D 
17 15 25  6 E 10  1  9 23 E 14  2 21  3 E 19 22 24  4 E 20  5  7 11 E  8 16 12 13 E 
18 16  1  7 F 11  2 10 24 F 15  3 22  4 F 20 23 25  5 F 21  6  8 12 F  9 17 13 14 F 
19 17  2  8 G 12  3 11 25 G 16  4 23  5 G 21 24  1  6 G 22  7  9 13 G 10 18 14 15 G 
20 18  3  9 H 13  4 12  1 H 17  5 24  6 H 22 25  2  7 H 23  8 10 14 H 11 19 15 16 H 
21 19  4 10 I 14  5 13  2 I 18  6 25  7 I 23  1  3  8 I 24  9 11 15 I 12 20 16 17 I 
22 20  5 11 J 15  6 14  3 J 19  7  1  8 J 24  2  4  9 J 25 10 12 16 J 13 21 17 18 J 
23 21  6 12 K 16  7 15  4 K 20  8  2  9 K 25  3  5 10 K  1 11 13 17 K 14 22 18 19 K 
24 22  7 13 L 17  8 16  5 L 21  9  3 10 L  1  4  6 11 L  2 12 14 18 L 15 23 19 20 L 
