25 6 25 25 1
25 23  8 14 A 18  9 17  6 A 22 10  4 11 A  2  5  7 12 A  3 13 15 19 A 16 24 20 21 A 
 1 24  9 15 B 19 10 18  7 B 23 11  5 12 B  3  6  8 13 B  4 14 16 20 B 17 25 21 22 B 
 2 25 10 16 C 20 11 19  8 C 24 12  6 13 C  4  7  9 14 C  5 15 17 21 C 18  1 22 23 C 
 3  1 11 17 D 21 12 20  9 D 25 13  7 14 D  5  8 10 15 D  6 16 18 22 D 19  2 23 24 D 
 4  2 12 18 E 22 13 21 10 E  1 14  8 15 E  6  9 11 16 E  7 17 19 23 E 20  3 24 25 E 
 5  3 13 19 F 23 14 22 11 F  2 15  9 16 F  7 10 12 17 F  8 18 20 24 F 21  4 25  1 F 
 6  4 14 20 G 24 15 23 12 G  3 16 10 17 G  8 11 13 18 G  9 19 21 25 G 22  5  1  2 G 
 7  5 15 21 H 25 16 24 13 H  4 17 11 18 H  9 12 14 19 H 10 20 22  1 H 23  6  2  3 H 
 8  6 16 22 I  1 17 25 14 I  5 18 12 19 I 10 13 15 20 I 11 21 23  2 I 24  7  3  4 I 
 9  7 17 23 J  2 18  1 15 J  6 19 13 20 J 11 14 16 21 J 12 22 24  3 J 25  8  4  5 J 
10  8 18 24 K  3 19  2 16 K  7 20 14 21 K 12 15 17 22 K 13 23 25  4 K  1  9  5  6 K 
11  9 19 25 L  4 20  3 17 L  8 21 15 22 L 13 16 18 23 L 14 24  1  5 L  2 10  6  7 L 
12 10 20  1 M  5 21  4 18 M  9 22 16 23 M 14 17 19 24 M 15 25  2  6 M  3 11  7  8 M 
13 11 21  2 N  6 22  5 19 N 10 23 17 24 N 15 18 20 25 N 16  1  3  7 N  4 12  8  9 N 
14 12 22  3 O  7 23  6 20 O 11 24 18 25 O 16 19 21  1 O 17  2  4  8 O  5 13  9 10 O 
15 13 23  4 P  8 24  7 21 P 12 25 19  1 P 17 20 22  2 P 18  3  5  9 P  6 14 10 11 P 
16 14 24  5 Q  9 25  8 22 Q 13  1 20  2 Q 18 21 23  3 Q 19  4  6 10 Q  7 15 11 12 Q 
17 15 25  6 R 10  1  9 23 R 14  2 21  3 R 19 22 24  4 R 20  5  7 11 R  8 16 12 13 R 
18 16  1  7 S 11  2 10 24 S 15  3 22  4 S 20 23 25  5 S 21  6  8 12 S  9 17 13 14 S 
19 17  2  8 T 12  3 11 25 T 16  4 23  5 T 21 24  1  6 T 22  7  9 13 T 10 18 14 15 T 
20 18  3  9 U 13  4 12  1 U 17  5 24  6 U 22 25  2  7 U 23  8 10 14 U 11 19 15 16 U 
21 19  4 10 V 14  5 13  2 V 18  6 25  7 V 23  1  3  8 V 24  9 11 15 V 12 20 16 17 V 
22 20  5 11 W 15  6 14  3 W 19  7  1  8 W 24  2  4  9 W 25 10 12 16 W 13 21 17 18 W 
23 21  6 12 X 16  7 15  4 X 20  8  2  9 X 25  3  5 10 X  1 11 13 17 X 14 22 18 19 X 
24 22  7 13 Y 17  8 16  5 Y 21  9  3 10 Y  1  4  6 11 Y  2 12 14 18 Y 15 23 19 20 Y 
