26 6 13 13 1
 4 20 16 10 A 22  8 13 24 B 15  3  7  2 C 17  9 12 11 D 26  6 23 21 E 19 25 18  5 H 
 5 21 17 11 B 23  9  1 25 C 16  4  8  3 D 18 10 13 12 E 14  7 24 22 F 20 26 19  6 I 
 6 22 18 12 C 24 10  2 26 D 17  5  9  4 E 19 11  1 13 F 15  8 25 23 G 21 14 20  7 J 
 7 23 19 13 D 25 11  3 14 E 18  6 10  5 F 20 12  2  1 G 16  9 26 24 H 22 15 21  8 K 
 8 24 20  1 E 26 12  4 15 F 19  7 11  6 G 21 13  3  2 H 17 10 14 25 I 23 16 22  9 L 
 9 25 21  2 F 14 13  5 16 G 20  8 12  7 H 22  1  4  3 I 18 11 15 26 J 24 17 23 10 M 
10 26 22  3 G 15  1  6 17 H 21  9 13  8 I 23  2  5  4 J 19 12 16 14 K 25 18 24 11 A 
11 14 23  4 H 16  2  7 18 I 22 10  1  9 J 24  3  6  5 K 20 13 17 15 L 26 19 25 12 B 
12 15 24  5 I 17  3  8 19 J 23 11  2 10 K 25  4  7  6 L 21  1 18 16 M 14 20 26 13 C 
13 16 25  6 J 18  4  9 20 K 24 12  3 11 L 26  5  8  7 M 22  2 19 17 A 15 21 14  1 D 
 1 17 26  7 K 19  5 10 21 L 25 13  4 12 M 14  6  9  8 A 23  3 20 18 B 16 22 15  2 E 
 2 18 14  8 L 20  6 11 22 M 26  1  5 13 A 15  7 10  9 B 24  4 21 19 C 17 23 16  3 F 
 3 19 15  9 M 21  7 12 23 A 14  2  6  1 B 16  8 11 10 C 25  5 22 20 D 18 24 17  4 G 
