28 7 14 14 1 g
28  1 15 23  1  10  5 25 26  1  14  4  8 12  1  16 19 24 18  1  11 13 20  2  1   9 21 22  6  1   3 17  7 27  1  
28  2 16 24  2  11  6 26 27  2  15  5  9 13  2  17 20 25 19  2  12 14 21  3  2  10 22 23  7  2   4 18  8  1  2  
28  3 17 25  3  12  7 27  1  3  16  6 10 14  3  18 21 26 20  3  13 15 22  4  3  11 23 24  8  3   5 19  9  2  3  
28  4 18 26  4  13  8  1  2  4  17  7 11 15  4  19 22 27 21  4  14 16 23  5  4  12 24 25  9  4   6 20 10  3  4  
28  5 19 27  5  14  9  2  3  5  18  8 12 16  5  20 23  1 22  5  15 17 24  6  5  13 25 26 10  5   7 21 11  4  5  
28  6 20  1  6  15 10  3  4  6  19  9 13 17  6  21 24  2 23  6  16 18 25  7  6  14 26 27 11  6   8 22 12  5  6  
28  7 21  2  7  16 11  4  5  7  20 10 14 18  7  22 25  3 24  7  17 19 26  8  7  15 27  1 12  7   9 23 13  6  7  
28  8 22  3  8  17 12  5  6  8  21 11 15 19  8  23 26  4 25  8  18 20 27  9  8  16  1  2 13  8  10 24 14  7  8  
28  9 23  4  9  18 13  6  7  9  22 12 16 20  9  24 27  5 26  9  19 21  1 10  9  17  2  3 14  9  11 25 15  8  9  
28 10 24  5 10  19 14  7  8 10  23 13 17 21 10  25  1  6 27 10  20 22  2 11 10  18  3  4 15 10  12 26 16  9 10  
28 11 25  6 11  20 15  8  9 11  24 14 18 22 11  26  2  7  1 11  21 23  3 12 11  19  4  5 16 11  13 27 17 10 11  
28 12 26  7 12  21 16  9 10 12  25 15 19 23 12  27  3  8  2 12  22 24  4 13 12  20  5  6 17 12  14  1 18 11 12  
28 13 27  8 13  22 17 10 11 13  26 16 20 24 13   1  4  9  3 13  23 25  5 14 13  21  6  7 18 13  15  2 19 12 13  
28 14  1  9 14  23 18 11 12 14  27 17 21 25 14   2  5 10  4 14  24 26  6 15 14  22  7  8 19 14  16  3 20 13 14