28 7 27 27 1 g
28  1 15 23  1  10  5 25 26  1  14  4  8 12  1  16 19 24 18  1  11 13 20  2  1   9 21 22  6  1   3 17  7 27  1  
28  2 16 24  2  11  6 26 27  2  15  5  9 13  2  17 20 25 19  2  12 14 21  3  2  10 22 23  7  2   4 18  8  1  2  
28  3 17 25  3  12  7 27  1  3  16  6 10 14  3  18 21 26 20  3  13 15 22  4  3  11 23 24  8  3   5 19  9  2  3  
28  4 18 26  4  13  8  1  2  4  17  7 11 15  4  19 22 27 21  4  14 16 23  5  4  12 24 25  9  4   6 20 10  3  4  
28  5 19 27  5  14  9  2  3  5  18  8 12 16  5  20 23  1 22  5  15 17 24  6  5  13 25 26 10  5   7 21 11  4  5  
28  6 20  1  6  15 10  3  4  6  19  9 13 17  6  21 24  2 23  6  16 18 25  7  6  14 26 27 11  6   8 22 12  5  6  
28  7 21  2  7  16 11  4  5  7  20 10 14 18  7  22 25  3 24  7  17 19 26  8  7  15 27  1 12  7   9 23 13  6  7  
28  8 22  3  8  17 12  5  6  8  21 11 15 19  8  23 26  4 25  8  18 20 27  9  8  16  1  2 13  8  10 24 14  7  8  
28  9 23  4  9  18 13  6  7  9  22 12 16 20  9  24 27  5 26  9  19 21  1 10  9  17  2  3 14  9  11 25 15  8  9  
28 10 24  5 10  19 14  7  8 10  23 13 17 21 10  25  1  6 27 10  20 22  2 11 10  18  3  4 15 10  12 26 16  9 10  
28 11 25  6 11  20 15  8  9 11  24 14 18 22 11  26  2  7  1 11  21 23  3 12 11  19  4  5 16 11  13 27 17 10 11  
28 12 26  7 12  21 16  9 10 12  25 15 19 23 12  27  3  8  2 12  22 24  4 13 12  20  5  6 17 12  14  1 18 11 12  
28 13 27  8 13  22 17 10 11 13  26 16 20 24 13   1  4  9  3 13  23 25  5 14 13  21  6  7 18 13  15  2 19 12 13  
28 14  1  9 14  23 18 11 12 14  27 17 21 25 14   2  5 10  4 14  24 26  6 15 14  22  7  8 19 14  16  3 20 13 14  
28 15  2 10 15  24 19 12 13 15   1 18 22 26 15   3  6 11  5 15  25 27  7 16 15  23  8  9 20 15  17  4 21 14 15  
28 16  3 11 16  25 20 13 14 16   2 19 23 27 16   4  7 12  6 16  26  1  8 17 16  24  9 10 21 16  18  5 22 15 16  
28 17  4 12 17  26 21 14 15 17   3 20 24  1 17   5  8 13  7 17  27  2  9 18 17  25 10 11 22 17  19  6 23 16 17  
28 18  5 13 18  27 22 15 16 18   4 21 25  2 18   6  9 14  8 18   1  3 10 19 18  26 11 12 23 18  20  7 24 17 18  
28 19  6 14 19   1 23 16 17 19   5 22 26  3 19   7 10 15  9 19   2  4 11 20 19  27 12 13 24 19  21  8 25 18 19  
28 20  7 15 20   2 24 17 18 20   6 23 27  4 20   8 11 16 10 20   3  5 12 21 20   1 13 14 25 20  22  9 26 19 20  
28 21  8 16 21   3 25 18 19 21   7 24  1  5 21   9 12 17 11 21   4  6 13 22 21   2 14 15 26 21  23 10 27 20 21  
28 22  9 17 22   4 26 19 20 22   8 25  2  6 22  10 13 18 12 22   5  7 14 23 22   3 15 16 27 22  24 11  1 21 22  
28 23 10 18 23   5 27 20 21 23   9 26  3  7 23  11 14 19 13 23   6  8 15 24 23   4 16 17  1 23  25 12  2 22 23  
28 24 11 19 24   6  1 21 22 24  10 27  4  8 24  12 15 20 14 24   7  9 16 25 24   5 17 18  2 24  26 13  3 23 24  
28 25 12 20 25   7  2 22 23 25  11  1  5  9 25  13 16 21 15 25   8 10 17 26 25   6 18 19  3 25  27 14  4 24 25  
28 26 13 21 26   8  3 23 24 26  12  2  6 10 26  14 17 22 16 26   9 11 18 27 26   7 19 20  4 26   1 15  5 25 26  
28 27 14 22 27   9  4 24 25 27  13  3  7 11 27  15 18 23 17 27  10 12 19  1 27   8 20 21  5 27   2 16  6 26 27  
