28 7 13 13 1 g
28 15  2 10  1  24 19 12 13  1   1 18 22 26  1   3  6 11  5  1  25 27  7 16  1  23  8  9 20  1  17  4 21 14  1
28 16  3 11  2  25 20 13 14  2   2 19 23 27  2   4  7 12  6  2  26  1  8 17  2  24  9 10 21  2  18  5 22 15  2
28 17  4 12  3  26 21 14 15  3   3 20 24  1  3   5  8 13  7  3  27  2  9 18  3  25 10 11 22  3  19  6 23 16  3
28 18  5 13  4  27 22 15 16  4   4 21 25  2  4   6  9 14  8  4   1  3 10 19  4  26 11 12 23  4  20  7 24 17  4
28 19  6 14  5   1 23 16 17  5   5 22 26  3  5   7 10 15  9  5   2  4 11 20  5  27 12 13 24  5  21  8 25 18  5
28 20  7 15  6   2 24 17 18  6   6 23 27  4  6   8 11 16 10  6   3  5 12 21  6   1 13 14 25  6  22  9 26 19  6
28 21  8 16  7   3 25 18 19  7   7 24  1  5  7   9 12 17 11  7   4  6 13 22  7   2 14 15 26  7  23 10 27 20  7
28 22  9 17  8   4 26 19 20  8   8 25  2  6  8  10 13 18 12  8   5  7 14 23  8   3 15 16 27  8  24 11  1 21  8
28 23 10 18  9   5 27 20 21  9   9 26  3  7  9  11 14 19 13  9   6  8 15 24  9   4 16 17  1  9  25 12  2 22  9
28 24 11 19 10   6  1 21 22 10  10 27  4  8 10  12 15 20 14 10   7  9 16 25 10   5 17 18  2 10  26 13  3 23 10
28 25 12 20 11   7  2 22 23 11  11  1  5  9 11  13 16 21 15 11   8 10 17 26 11   6 18 19  3 11  27 14  4 24 11
28 26 13 21 12   8  3 23 24 12  12  2  6 10 12  14 17 22 16 12   9 11 18 27 12   7 19 20  4 12   1 15  5 25 12
28 27 14 22 13   9  4 24 25 13  13  3  7 11 13  15 18 23 17 13  10 12 19  1 13   8 20 21  5 13   2 16  6 26 13
