28 7 14 14 1
 1  2 15 16 A  9 11 27  6 C  3 25 10  7 E 26 23 14 20 G  5 21 13  4 I  8 19 18 28 K 24 12 17 22 M 
 2  3 16 17 B 10 12 28  7 D  4 26 11  8 F 27 24  1 21 H  6 22 14  5 J  9 20 19 15 L 25 13 18 23 N 
 3  4 17 18 C 11 13 15  8 E  5 27 12  9 G 28 25  2 22 I  7 23  1  6 K 10 21 20 16 M 26 14 19 24 A 
 4  5 18 19 D 12 14 16  9 F  6 28 13 10 H 15 26  3 23 J  8 24  2  7 L 11 22 21 17 N 27  1 20 25 B 
 5  6 19 20 E 13  1 17 10 G  7 15 14 11 I 16 27  4 24 K  9 25  3  8 M 12 23 22 18 A 28  2 21 26 C 
 6  7 20 21 F 14  2 18 11 H  8 16  1 12 J 17 28  5 25 L 10 26  4  9 N 13 24 23 19 B 15  3 22 27 D 
 7  8 21 22 G  1  3 19 12 I  9 17  2 13 K 18 15  6 26 M 11 27  5 10 A 14 25 24 20 C 16  4 23 28 E 
 8  9 22 23 H  2  4 20 13 J 10 18  3 14 L 19 16  7 27 N 12 28  6 11 B  1 26 25 21 D 17  5 24 15 F 
 9 10 23 24 I  3  5 21 14 K 11 19  4  1 M 20 17  8 28 A 13 15  7 12 C  2 27 26 22 E 18  6 25 16 G 
10 11 24 25 J  4  6 22  1 L 12 20  5  2 N 21 18  9 15 B 14 16  8 13 D  3 28 27 23 F 19  7 26 17 H 
11 12 25 26 K  5  7 23  2 M 13 21  6  3 A 22 19 10 16 C  1 17  9 14 E  4 15 28 24 G 20  8 27 18 I 
12 13 26 27 L  6  8 24  3 N 14 22  7  4 B 23 20 11 17 D  2 18 10  1 F  5 16 15 25 H 21  9 28 19 J 
13 14 27 28 M  7  9 25  4 A  1 23  8  5 C 24 21 12 18 E  3 19 11  2 G  6 17 16 26 I 22 10 15 20 K 
14  1 28 15 N  8 10 26  5 B  2 24  9  6 D 25 22 13 19 F  4 20 12  3 H  7 18 17 27 J 23 11 16 21 L 
