29 7 29 29 1 g
29 26  3  9  1  14 24  4 13  1   6 21 20 19  1  23  2 15 28  1   5 17 22 27  1   7 25 18 11  1  10  8 12 16  1  
 1 27  4 10  2  15 25  5 14  2   7 22 21 20  2  24  3 16 29  2   6 18 23 28  2   8 26 19 12  2  11  9 13 17  2  
 2 28  5 11  3  16 26  6 15  3   8 23 22 21  3  25  4 17  1  3   7 19 24 29  3   9 27 20 13  3  12 10 14 18  3  
 3 29  6 12  4  17 27  7 16  4   9 24 23 22  4  26  5 18  2  4   8 20 25  1  4  10 28 21 14  4  13 11 15 19  4  
 4  1  7 13  5  18 28  8 17  5  10 25 24 23  5  27  6 19  3  5   9 21 26  2  5  11 29 22 15  5  14 12 16 20  5  
 5  2  8 14  6  19 29  9 18  6  11 26 25 24  6  28  7 20  4  6  10 22 27  3  6  12  1 23 16  6  15 13 17 21  6  
 6  3  9 15  7  20  1 10 19  7  12 27 26 25  7  29  8 21  5  7  11 23 28  4  7  13  2 24 17  7  16 14 18 22  7  
 7  4 10 16  8  21  2 11 20  8  13 28 27 26  8   1  9 22  6  8  12 24 29  5  8  14  3 25 18  8  17 15 19 23  8  
 8  5 11 17  9  22  3 12 21  9  14 29 28 27  9   2 10 23  7  9  13 25  1  6  9  15  4 26 19  9  18 16 20 24  9  
 9  6 12 18 10  23  4 13 22 10  15  1 29 28 10   3 11 24  8 10  14 26  2  7 10  16  5 27 20 10  19 17 21 25 10  
10  7 13 19 11  24  5 14 23 11  16  2  1 29 11   4 12 25  9 11  15 27  3  8 11  17  6 28 21 11  20 18 22 26 11  
11  8 14 20 12  25  6 15 24 12  17  3  2  1 12   5 13 26 10 12  16 28  4  9 12  18  7 29 22 12  21 19 23 27 12  
12  9 15 21 13  26  7 16 25 13  18  4  3  2 13   6 14 27 11 13  17 29  5 10 13  19  8  1 23 13  22 20 24 28 13  
13 10 16 22 14  27  8 17 26 14  19  5  4  3 14   7 15 28 12 14  18  1  6 11 14  20  9  2 24 14  23 21 25 29 14  
14 11 17 23 15  28  9 18 27 15  20  6  5  4 15   8 16 29 13 15  19  2  7 12 15  21 10  3 25 15  24 22 26  1 15  
15 12 18 24 16  29 10 19 28 16  21  7  6  5 16   9 17  1 14 16  20  3  8 13 16  22 11  4 26 16  25 23 27  2 16  
16 13 19 25 17   1 11 20 29 17  22  8  7  6 17  10 18  2 15 17  21  4  9 14 17  23 12  5 27 17  26 24 28  3 17  
17 14 20 26 18   2 12 21  1 18  23  9  8  7 18  11 19  3 16 18  22  5 10 15 18  24 13  6 28 18  27 25 29  4 18  
18 15 21 27 19   3 13 22  2 19  24 10  9  8 19  12 20  4 17 19  23  6 11 16 19  25 14  7 29 19  28 26  1  5 19  
19 16 22 28 20   4 14 23  3 20  25 11 10  9 20  13 21  5 18 20  24  7 12 17 20  26 15  8  1 20  29 27  2  6 20  
20 17 23 29 21   5 15 24  4 21  26 12 11 10 21  14 22  6 19 21  25  8 13 18 21  27 16  9  2 21   1 28  3  7 21  
21 18 24  1 22   6 16 25  5 22  27 13 12 11 22  15 23  7 20 22  26  9 14 19 22  28 17 10  3 22   2 29  4  8 22  
22 19 25  2 23   7 17 26  6 23  28 14 13 12 23  16 24  8 21 23  27 10 15 20 23  29 18 11  4 23   3  1  5  9 23  
23 20 26  3 24   8 18 27  7 24  29 15 14 13 24  17 25  9 22 24  28 11 16 21 24   1 19 12  5 24   4  2  6 10 24  
24 21 27  4 25   9 19 28  8 25   1 16 15 14 25  18 26 10 23 25  29 12 17 22 25   2 20 13  6 25   5  3  7 11 25  
25 22 28  5 26  10 20 29  9 26   2 17 16 15 26  19 27 11 24 26   1 13 18 23 26   3 21 14  7 26   6  4  8 12 26  
26 23 29  6 27  11 21  1 10 27   3 18 17 16 27  20 28 12 25 27   2 14 19 24 27   4 22 15  8 27   7  5  9 13 27  
27 24  1  7 28  12 22  2 11 28   4 19 18 17 28  21 29 13 26 28   3 15 20 25 28   5 23 16  9 28   8  6 10 14 28  
28 25  2  8 29  13 23  3 12 29   5 20 19 18 29  22  1 14 27 29   4 16 21 26 29   6 24 17 10 29   9  7 11 15 29  
