29 7 15 15 1 g
29 26  3  9  1  14 24  4 13  1   6 21 20 19  1  23  2 15 28  1   5 17 22 27  1   7 25 18 11  1  10  8 12 16  1  
 1 27  4 10  2  15 25  5 14  2   7 22 21 20  2  24  3 16 29  2   6 18 23 28  2   8 26 19 12  2  11  9 13 17  2  
 2 28  5 11  3  16 26  6 15  3   8 23 22 21  3  25  4 17  1  3   7 19 24 29  3   9 27 20 13  3  12 10 14 18  3  
 3 29  6 12  4  17 27  7 16  4   9 24 23 22  4  26  5 18  2  4   8 20 25  1  4  10 28 21 14  4  13 11 15 19  4  
 4  1  7 13  5  18 28  8 17  5  10 25 24 23  5  27  6 19  3  5   9 21 26  2  5  11 29 22 15  5  14 12 16 20  5  
 5  2  8 14  6  19 29  9 18  6  11 26 25 24  6  28  7 20  4  6  10 22 27  3  6  12  1 23 16  6  15 13 17 21  6  
 6  3  9 15  7  20  1 10 19  7  12 27 26 25  7  29  8 21  5  7  11 23 28  4  7  13  2 24 17  7  16 14 18 22  7  
 7  4 10 16  8  21  2 11 20  8  13 28 27 26  8   1  9 22  6  8  12 24 29  5  8  14  3 25 18  8  17 15 19 23  8  
 8  5 11 17  9  22  3 12 21  9  14 29 28 27  9   2 10 23  7  9  13 25  1  6  9  15  4 26 19  9  18 16 20 24  9  
 9  6 12 18 10  23  4 13 22 10  15  1 29 28 10   3 11 24  8 10  14 26  2  7 10  16  5 27 20 10  19 17 21 25 10  
10  7 13 19 11  24  5 14 23 11  16  2  1 29 11   4 12 25  9 11  15 27  3  8 11  17  6 28 21 11  20 18 22 26 11  
11  8 14 20 12  25  6 15 24 12  17  3  2  1 12   5 13 26 10 12  16 28  4  9 12  18  7 29 22 12  21 19 23 27 12  
12  9 15 21 13  26  7 16 25 13  18  4  3  2 13   6 14 27 11 13  17 29  5 10 13  19  8  1 23 13  22 20 24 28 13  
13 10 16 22 14  27  8 17 26 14  19  5  4  3 14   7 15 28 12 14  18  1  6 11 14  20  9  2 24 14  23 21 25 29 14  
14 11 17 23 15  28  9 18 27 15  20  6  5  4 15   8 16 29 13 15  19  2  7 12 15  21 10  3 25 15  24 22 26  1 15