29 7 14 14 1 g
15 12 18 24  1  29 10 19 28  1  21  7  6  5  1   9 17  1 14  1  20  3  8 13  1  22 11  4 26  1  25 23 27  2  1
16 13 19 25  2   1 11 20 29  2  22  8  7  6  2  10 18  2 15  2  21  4  9 14  2  23 12  5 27  2  26 24 28  3  2
17 14 20 26  3   2 12 21  1  3  23  9  8  7  3  11 19  3 16  3  22  5 10 15  3  24 13  6 28  3  27 25 29  4  3
18 15 21 27  4   3 13 22  2  4  24 10  9  8  4  12 20  4 17  4  23  6 11 16  4  25 14  7 29  4  28 26  1  5  4
19 16 22 28  5   4 14 23  3  5  25 11 10  9  5  13 21  5 18  5  24  7 12 17  5  26 15  8  1  5  29 27  2  6  5
20 17 23 29  6   5 15 24  4  6  26 12 11 10  6  14 22  6 19  6  25  8 13 18  6  27 16  9  2  6   1 28  3  7  6
21 18 24  1  7   6 16 25  5  7  27 13 12 11  7  15 23  7 20  7  26  9 14 19  7  28 17 10  3  7   2 29  4  8  7
22 19 25  2  8   7 17 26  6  8  28 14 13 12  8  16 24  8 21  8  27 10 15 20  8  29 18 11  4  8   3  1  5  9  8
23 20 26  3  9   8 18 27  7  9  29 15 14 13  9  17 25  9 22  9  28 11 16 21  9   1 19 12  5  9   4  2  6 10  9
24 21 27  4 10   9 19 28  8 10   1 16 15 14 10  18 26 10 23 10  29 12 17 22 10   2 20 13  6 10   5  3  7 11 10
25 22 28  5 11  10 20 29  9 11   2 17 16 15 11  19 27 11 24 11   1 13 18 23 11   3 21 14  7 11   6  4  8 12 11
26 23 29  6 12  11 21  1 10 12   3 18 17 16 12  20 28 12 25 12   2 14 19 24 12   4 22 15  8 12   7  5  9 13 12
27 24  1  7 13  12 22  2 11 13   4 19 18 17 13  21 29 13 26 13   3 15 20 25 13   5 23 16  9 13   8  6 10 14 13
28 25  2  8 14  13 23  3 12 14   5 20 19 18 14  22  1 14 27 14   4 16 21 26 14   6 24 17 10 14   9  7 11 15 14
