32 8 15 15 1 g
32 17  6 11  1  21  3 29 28  1  30 10 12 14  1   5 26 15  7  1  25 13 22  8  1   1 23  2  9  1  20  4 19 16  1  24 18 31 27  1
32 18  7 12  2  22  4 30 29  2  31 11 13 15  2   6 27 16  8  2  26 14 23  9  2   2 24  3 10  2  21  5 20 17  2  25 19  1 28  2
32 19  8 13  3  23  5 31 30  3   1 12 14 16  3   7 28 17  9  3  27 15 24 10  3   3 25  4 11  3  22  6 21 18  3  26 20  2 29  3
32 20  9 14  4  24  6  1 31  4   2 13 15 17  4   8 29 18 10  4  28 16 25 11  4   4 26  5 12  4  23  7 22 19  4  27 21  3 30  4
32 21 10 15  5  25  7  2  1  5   3 14 16 18  5   9 30 19 11  5  29 17 26 12  5   5 27  6 13  5  24  8 23 20  5  28 22  4 31  5
32 22 11 16  6  26  8  3  2  6   4 15 17 19  6  10 31 20 12  6  30 18 27 13  6   6 28  7 14  6  25  9 24 21  6  29 23  5  1  6
32 23 12 17  7  27  9  4  3  7   5 16 18 20  7  11  1 21 13  7  31 19 28 14  7   7 29  8 15  7  26 10 25 22  7  30 24  6  2  7
32 24 13 18  8  28 10  5  4  8   6 17 19 21  8  12  2 22 14  8   1 20 29 15  8   8 30  9 16  8  27 11 26 23  8  31 25  7  3  8
32 25 14 19  9  29 11  6  5  9   7 18 20 22  9  13  3 23 15  9   2 21 30 16  9   9 31 10 17  9  28 12 27 24  9   1 26  8  4  9
32 26 15 20 10  30 12  7  6 10   8 19 21 23 10  14  4 24 16 10   3 22 31 17 10  10  1 11 18 10  29 13 28 25 10   2 27  9  5 10
32 27 16 21 11  31 13  8  7 11   9 20 22 24 11  15  5 25 17 11   4 23  1 18 11  11  2 12 19 11  30 14 29 26 11   3 28 10  6 11
32 28 17 22 12   1 14  9  8 12  10 21 23 25 12  16  6 26 18 12   5 24  2 19 12  12  3 13 20 12  31 15 30 27 12   4 29 11  7 12
32 29 18 23 13   2 15 10  9 13  11 22 24 26 13  17  7 27 19 13   6 25  3 20 13  13  4 14 21 13   1 16 31 28 13   5 30 12  8 13
32 30 19 24 14   3 16 11 10 14  12 23 25 27 14  18  8 28 20 14   7 26  4 21 14  14  5 15 22 14   2 17  1 29 14   6 31 13  9 14
32 31 20 25 15   4 17 12 11 15  13 24 26 28 15  19  9 29 21 15   8 27  5 22 15  15  6 16 23 15   3 18  2 30 15   7  1 14 10 15
