32 8 16 16 1 g
32  1 21 26  1   5 18 13 12  1  14 25 27 29  1  20 10 30 22  1   9 28  6 23  1  16  7 17 24  1   4 19  3 31  1   8  2 15 11  1  
32  2 22 27  2   6 19 14 13  2  15 26 28 30  2  21 11 31 23  2  10 29  7 24  2  17  8 18 25  2   5 20  4  1  2   9  3 16 12  2  
32  3 23 28  3   7 20 15 14  3  16 27 29 31  3  22 12  1 24  3  11 30  8 25  3  18  9 19 26  3   6 21  5  2  3  10  4 17 13  3  
32  4 24 29  4   8 21 16 15  4  17 28 30  1  4  23 13  2 25  4  12 31  9 26  4  19 10 20 27  4   7 22  6  3  4  11  5 18 14  4  
32  5 25 30  5   9 22 17 16  5  18 29 31  2  5  24 14  3 26  5  13  1 10 27  5  20 11 21 28  5   8 23  7  4  5  12  6 19 15  5  
32  6 26 31  6  10 23 18 17  6  19 30  1  3  6  25 15  4 27  6  14  2 11 28  6  21 12 22 29  6   9 24  8  5  6  13  7 20 16  6  
32  7 27  1  7  11 24 19 18  7  20 31  2  4  7  26 16  5 28  7  15  3 12 29  7  22 13 23 30  7  10 25  9  6  7  14  8 21 17  7  
32  8 28  2  8  12 25 20 19  8  21  1  3  5  8  27 17  6 29  8  16  4 13 30  8  23 14 24 31  8  11 26 10  7  8  15  9 22 18  8  
32  9 29  3  9  13 26 21 20  9  22  2  4  6  9  28 18  7 30  9  17  5 14 31  9  24 15 25  1  9  12 27 11  8  9  16 10 23 19  9  
32 10 30  4 10  14 27 22 21 10  23  3  5  7 10  29 19  8 31 10  18  6 15  1 10  25 16 26  2 10  13 28 12  9 10  17 11 24 20 10  
32 11 31  5 11  15 28 23 22 11  24  4  6  8 11  30 20  9  1 11  19  7 16  2 11  26 17 27  3 11  14 29 13 10 11  18 12 25 21 11  
32 12  1  6 12  16 29 24 23 12  25  5  7  9 12  31 21 10  2 12  20  8 17  3 12  27 18 28  4 12  15 30 14 11 12  19 13 26 22 12  
32 13  2  7 13  17 30 25 24 13  26  6  8 10 13   1 22 11  3 13  21  9 18  4 13  28 19 29  5 13  16 31 15 12 13  20 14 27 23 13  
32 14  3  8 14  18 31 26 25 14  27  7  9 11 14   2 23 12  4 14  22 10 19  5 14  29 20 30  6 14  17  1 16 13 14  21 15 28 24 14  
32 15  4  9 15  19  1 27 26 15  28  8 10 12 15   3 24 13  5 15  23 11 20  6 15  30 21 31  7 15  18  2 17 14 15  22 16 29 25 15  
32 16  5 10 16  20  2 28 27 16  29  9 11 13 16   4 25 14  6 16  24 12 21  7 16  31 22  1  8 16  19  3 18 15 16  23 17 30 26 16