33 8 11 11 1 g
24  7 12 27  1  32 18  8 14  1   1 22 29  9  1  26 17 28 33  1   2  4 31  5  1  16 13 15 25  1   6 10 20 21  1   3 11 30 19  1
25  8 13 28  2  33 19  9 15  2   2 23 30 10  2  27 18 29  1  2   3  5 32  6  2  17 14 16 26  2   7 11 21 22  2   4 12 31 20  2
26  9 14 29  3   1 20 10 16  3   3 24 31 11  3  28 19 30  2  3   4  6 33  7  3  18 15 17 27  3   8 12 22 23  3   5 13 32 21  3
27 10 15 30  4   2 21 11 17  4   4 25 32 12  4  29 20 31  3  4   5  7  1  8  4  19 16 18 28  4   9 13 23 24  4   6 14 33 22  4
28 11 16 31  5   3 22 12 18  5   5 26 33 13  5  30 21 32  4  5   6  8  2  9  5  20 17 19 29  5  10 14 24 25  5   7 15  1 23  5
29 12 17 32  6   4 23 13 19  6   6 27  1 14  6  31 22 33  5  6   7  9  3 10  6  21 18 20 30  6  11 15 25 26  6   8 16  2 24  6
30 13 18 33  7   5 24 14 20  7   7 28  2 15  7  32 23  1  6  7   8 10  4 11  7  22 19 21 31  7  12 16 26 27  7   9 17  3 25  7
31 14 19  1  8   6 25 15 21  8   8 29  3 16  8  33 24  2  7  8   9 11  5 12  8  23 20 22 32  8  13 17 27 28  8  10 18  4 26  8
32 15 20  2  9   7 26 16 22  9   9 30  4 17  9   1 25  3  8  9  10 12  6 13  9  24 21 23 33  9  14 18 28 29  9  11 19  5 27  9
33 16 21  3 10   8 27 17 23 10  10 31  5 18 10   2 26  4  9 10  11 13  7 14 10  25 22 24  1 10  15 19 29 30 10  12 20  6 28 10
 1 17 22  4 11   9 28 18 24 11  11 32  6 19 11   3 27  5 10 11  12 14  8 15 11  26 23 25  2 11  16 20 30 31 11  13 21  7 29 11
