33 8 11 11 1 g
 2 18 23  5  1  10 29 19 25  1  12 33  7 20  1   4 28  6 11  1  13 15  9 16  1  27 24 26  3  1  17 21 31 32  1  14 22  8 30  1  
 3 19 24  6  2  11 30 20 26  2  13  1  8 21  2   5 29  7 12  2  14 16 10 17  2  28 25 27  4  2  18 22 32 33  2  15 23  9 31  2  
 4 20 25  7  3  12 31 21 27  3  14  2  9 22  3   6 30  8 13  3  15 17 11 18  3  29 26 28  5  3  19 23 33  1  3  16 24 10 32  3  
 5 21 26  8  4  13 32 22 28  4  15  3 10 23  4   7 31  9 14  4  16 18 12 19  4  30 27 29  6  4  20 24  1  2  4  17 25 11 33  4  
 6 22 27  9  5  14 33 23 29  5  16  4 11 24  5   8 32 10 15  5  17 19 13 20  5  31 28 30  7  5  21 25  2  3  5  18 26 12  1  5  
 7 23 28 10  6  15  1 24 30  6  17  5 12 25  6   9 33 11 16  6  18 20 14 21  6  32 29 31  8  6  22 26  3  4  6  19 27 13  2  6  
 8 24 29 11  7  16  2 25 31  7  18  6 13 26  7  10  1 12 17  7  19 21 15 22  7  33 30 32  9  7  23 27  4  5  7  20 28 14  3  7  
 9 25 30 12  8  17  3 26 32  8  19  7 14 27  8  11  2 13 18  8  20 22 16 23  8   1 31 33 10  8  24 28  5  6  8  21 29 15  4  8  
10 26 31 13  9  18  4 27 33  9  20  8 15 28  9  12  3 14 19  9  21 23 17 24  9   2 32  1 11  9  25 29  6  7  9  22 30 16  5  9  
11 27 32 14 10  19  5 28  1 10  21  9 16 29 10  13  4 15 20 10  22 24 18 25 10   3 33  2 12 10  26 30  7  8 10  23 31 17  6 10  
12 28 33 15 11  20  6 29  2 11  22 10 17 30 11  14  5 16 21 11  23 25 19 26 11   4  1  3 13 11  27 31  8  9 11  24 32 18  7 11