33 8 11 11 1 g
13 29  1 16  1  21  7 30  3  1  23 11 18 31  1  15  6 17 22  1  24 26 20 27  1   5  2  4 14  1  28 32  9 10  1  25 33 19  8  1
14 30  2 17  2  22  8 31  4  2  24 12 19 32  2  16  7 18 23  2  25 27 21 28  2   6  3  5 15  2  29 33 10 11  2  26  1 20  9  2
15 31  3 18  3  23  9 32  5  3  25 13 20 33  3  17  8 19 24  3  26 28 22 29  3   7  4  6 16  3  30  1 11 12  3  27  2 21 10  3
16 32  4 19  4  24 10 33  6  4  26 14 21  1  4  18  9 20 25  4  27 29 23 30  4   8  5  7 17  4  31  2 12 13  4  28  3 22 11  4
17 33  5 20  5  25 11  1  7  5  27 15 22  2  5  19 10 21 26  5  28 30 24 31  5   9  6  8 18  5  32  3 13 14  5  29  4 23 12  5
18  1  6 21  6  26 12  2  8  6  28 16 23  3  6  20 11 22 27  6  29 31 25 32  6  10  7  9 19  6  33  4 14 15  6  30  5 24 13  6
19  2  7 22  7  27 13  3  9  7  29 17 24  4  7  21 12 23 28  7  30 32 26 33  7  11  8 10 20  7   1  5 15 16  7  31  6 25 14  7
20  3  8 23  8  28 14  4 10  8  30 18 25  5  8  22 13 24 29  8  31 33 27  1  8  12  9 11 21  8   2  6 16 17  8  32  7 26 15  8
21  4  9 24  9  29 15  5 11  9  31 19 26  6  9  23 14 25 30  9  32  1 28  2  9  13 10 12 22  9   3  7 17 18  9  33  8 27 16  9
22  5 10 25 10  30 16  6 12 10  32 20 27  7 10  24 15 26 31 10  33  2 29  3 10  14 11 13 23 10   4  8 18 19 10   1  9 28 17 10
23  6 11 26 11  31 17  7 13 11  33 21 28  8 11  25 16 27 32 11   1  3 30  4 11  15 12 14 24 11   5  9 19 20 11   2 10 29 18 11
