36 9 11 11 1 l
36 25 31 12 A 26 18 30 10 A 11 17 27 16 A 34  2  9 22 A  3  4  5 35 A 23 32 14 21 A 29  6 20 24 A 19  1 33  8 A 28  7 13 15 A
36 26 32 13 B 27 19 31 11 B 12 18 28 17 B 35  3 10 23 B  4  5  6  1 B 24 33 15 22 B 30  7 21 25 B 20  2 34  9 B 29  8 14 16 B
36 27 33 14 C 28 20 32 12 C 13 19 29 18 C  1  4 11 24 C  5  6  7  2 C 25 34 16 23 C 31  8 22 26 C 21  3 35 10 C 30  9 15 17 C
36 28 34 15 D 29 21 33 13 D 14 20 30 19 D  2  5 12 25 D  6  7  8  3 D 26 35 17 24 D 32  9 23 27 D 22  4  1 11 D 31 10 16 18 D
36 29 35 16 E 30 22 34 14 E 15 21 31 20 E  3  6 13 26 E  7  8  9  4 E 27  1 18 25 E 33 10 24 28 E 23  5  2 12 E 32 11 17 19 E
36 30  1 17 F 31 23 35 15 F 16 22 32 21 F  4  7 14 27 F  8  9 10  5 F 28  2 19 26 F 34 11 25 29 F 24  6  3 13 F 33 12 18 20 F
36 31  2 18 G 32 24  1 16 G 17 23 33 22 G  5  8 15 28 G  9 10 11  6 G 29  3 20 27 G 35 12 26 30 G 25  7  4 14 G 34 13 19 21 G
36 32  3 19 H 33 25  2 17 H 18 24 34 23 H  6  9 16 29 H 10 11 12  7 H 30  4 21 28 H  1 13 27 31 H 26  8  5 15 H 35 14 20 22 H
36 33  4 20 I 34 26  3 18 I 19 25 35 24 I  7 10 17 30 I 11 12 13  8 I 31  5 22 29 I  2 14 28 32 I 27  9  6 16 I  1 15 21 23 I
36 34  5 21 J 35 27  4 19 J 20 26  1 25 J  8 11 18 31 J 12 13 14  9 J 32  6 23 30 J  3 15 29 33 J 28 10  7 17 J  2 16 22 24 J
36 35  6 22 K  1 28  5 20 K 21 27  2 26 K  9 12 19 32 K 13 14 15 10 K 33  7 24 31 K  4 16 30 34 K 29 11  8 18 K  3 17 23 25 K
