36 9 12 12 1 l
36 13 19 35 A 14  6 18 33 A 34  5 15  4 A 22 25 32 10 A 26 27 28 23 A 11 20  2  9 A 17 29  8 12 A  7 24 21 31 A 16 30  1  3 A
36 14 20  1 B 15  7 19 34 B 35  6 16  5 B 23 26 33 11 B 27 28 29 24 B 12 21  3 10 B 18 30  9 13 B  8 25 22 32 B 17 31  2  4 B
36 15 21  2 C 16  8 20 35 C  1  7 17  6 C 24 27 34 12 C 28 29 30 25 C 13 22  4 11 C 19 31 10 14 C  9 26 23 33 C 18 32  3  5 C
36 16 22  3 D 17  9 21  1 D  2  8 18  7 D 25 28 35 13 D 29 30 31 26 D 14 23  5 12 D 20 32 11 15 D 10 27 24 34 D 19 33  4  6 D
36 17 23  4 E 18 10 22  2 E  3  9 19  8 E 26 29  1 14 E 30 31 32 27 E 15 24  6 13 E 21 33 12 16 E 11 28 25 35 E 20 34  5  7 E
36 18 24  5 F 19 11 23  3 F  4 10 20  9 F 27 30  2 15 F 31 32 33 28 F 16 25  7 14 F 22 34 13 17 F 12 29 26  1 F 21 35  6  8 F
36 19 25  6 G 20 12 24  4 G  5 11 21 10 G 28 31  3 16 G 32 33 34 29 G 17 26  8 15 G 23 35 14 18 G 13 30 27  2 G 22  1  7  9 G
36 20 26  7 H 21 13 25  5 H  6 12 22 11 H 29 32  4 17 H 33 34 35 30 H 18 27  9 16 H 24  1 15 19 H 14 31 28  3 H 23  2  8 10 H
36 21 27  8 I 22 14 26  6 I  7 13 23 12 I 30 33  5 18 I 34 35  1 31 I 19 28 10 17 I 25  2 16 20 I 15 32 29  4 I 24  3  9 11 I
36 22 28  9 J 23 15 27  7 J  8 14 24 13 J 31 34  6 19 J 35  1  2 32 J 20 29 11 18 J 26  3 17 21 J 16 33 30  5 J 25  4 10 12 J
36 23 29 10 K 24 16 28  8 K  9 15 25 14 K 32 35  7 20 K  1  2  3 33 K 21 30 12 19 K 27  4 18 22 K 17 34 31  6 K 26  5 11 13 K
36 24 30 11 L 25 17 29  9 L 10 16 26 15 L 33  1  8 21 L  2  3  4 34 L 22 31 13 20 L 28  5 19 23 L 18 35 32  7 L 27  6 12 14 L
