36 9 12 12 1 l
36  1  7 23 A  2 29  6 21 A 22 28  3 27 A 10 13 20 33 A 14 15 16 11 A 34  8 25 32 A  5 17 31 35 A 30 12  9 19 A  4 18 24 26 A
36  2  8 24 B  3 30  7 22 B 23 29  4 28 B 11 14 21 34 B 15 16 17 12 B 35  9 26 33 B  6 18 32  1 B 31 13 10 20 B  5 19 25 27 B
36  3  9 25 C  4 31  8 23 C 24 30  5 29 C 12 15 22 35 C 16 17 18 13 C  1 10 27 34 C  7 19 33  2 C 32 14 11 21 C  6 20 26 28 C
36  4 10 26 D  5 32  9 24 D 25 31  6 30 D 13 16 23  1 D 17 18 19 14 D  2 11 28 35 D  8 20 34  3 D 33 15 12 22 D  7 21 27 29 D
36  5 11 27 E  6 33 10 25 E 26 32  7 31 E 14 17 24  2 E 18 19 20 15 E  3 12 29  1 E  9 21 35  4 E 34 16 13 23 E  8 22 28 30 E
36  6 12 28 F  7 34 11 26 F 27 33  8 32 F 15 18 25  3 F 19 20 21 16 F  4 13 30  2 F 10 22  1  5 F 35 17 14 24 F  9 23 29 31 F
36  7 13 29 G  8 35 12 27 G 28 34  9 33 G 16 19 26  4 G 20 21 22 17 G  5 14 31  3 G 11 23  2  6 G  1 18 15 25 G 10 24 30 32 G
36  8 14 30 H  9  1 13 28 H 29 35 10 34 H 17 20 27  5 H 21 22 23 18 H  6 15 32  4 H 12 24  3  7 H  2 19 16 26 H 11 25 31 33 H
36  9 15 31 I 10  2 14 29 I 30  1 11 35 I 18 21 28  6 I 22 23 24 19 I  7 16 33  5 I 13 25  4  8 I  3 20 17 27 I 12 26 32 34 I
36 10 16 32 J 11  3 15 30 J 31  2 12  1 J 19 22 29  7 J 23 24 25 20 J  8 17 34  6 J 14 26  5  9 J  4 21 18 28 J 13 27 33 35 J
36 11 17 33 K 12  4 16 31 K 32  3 13  2 K 20 23 30  8 K 24 25 26 21 K  9 18 35  7 K 15 27  6 10 K  5 22 19 29 K 14 28 34  1 K
36 12 18 34 L 13  5 17 32 L 33  4 14  3 L 21 24 31  9 L 25 26 27 22 L 10 19  1  8 L 16 28  7 11 L  6 23 20 30 L 15 29 35  2 L
