37 9 12 12 1 l
37 35 23 30 A 29 11 14  3 A 31 17  7 19 A 12 34 18 15 A 26  2  6 16 A  4 10  9 25 A 28  8 36 32 A 22 27 20 21 A  5 13 24 33 A
 1 36 24 31 B 30 12 15  4 B 32 18  8 20 B 13 35 19 16 B 27  3  7 17 B  5 11 10 26 B 29  9 37 33 B 23 28 21 22 B  6 14 25 34 B
 2 37 25 32 C 31 13 16  5 C 33 19  9 21 C 14 36 20 17 C 28  4  8 18 C  6 12 11 27 C 30 10  1 34 C 24 29 22 23 C  7 15 26 35 C
 3  1 26 33 D 32 14 17  6 D 34 20 10 22 D 15 37 21 18 D 29  5  9 19 D  7 13 12 28 D 31 11  2 35 D 25 30 23 24 D  8 16 27 36 D
 4  2 27 34 E 33 15 18  7 E 35 21 11 23 E 16  1 22 19 E 30  6 10 20 E  8 14 13 29 E 32 12  3 36 E 26 31 24 25 E  9 17 28 37 E
 5  3 28 35 F 34 16 19  8 F 36 22 12 24 F 17  2 23 20 F 31  7 11 21 F  9 15 14 30 F 33 13  4 37 F 27 32 25 26 F 10 18 29  1 F
 6  4 29 36 G 35 17 20  9 G 37 23 13 25 G 18  3 24 21 G 32  8 12 22 G 10 16 15 31 G 34 14  5  1 G 28 33 26 27 G 11 19 30  2 G
 7  5 30 37 H 36 18 21 10 H  1 24 14 26 H 19  4 25 22 H 33  9 13 23 H 11 17 16 32 H 35 15  6  2 H 29 34 27 28 H 12 20 31  3 H
 8  6 31  1 I 37 19 22 11 I  2 25 15 27 I 20  5 26 23 I 34 10 14 24 I 12 18 17 33 I 36 16  7  3 I 30 35 28 29 I 13 21 32  4 I
 9  7 32  2 J  1 20 23 12 J  3 26 16 28 J 21  6 27 24 J 35 11 15 25 J 13 19 18 34 J 37 17  8  4 J 31 36 29 30 J 14 22 33  5 J
10  8 33  3 K  2 21 24 13 K  4 27 17 29 K 22  7 28 25 K 36 12 16 26 K 14 20 19 35 K  1 18  9  5 K 32 37 30 31 K 15 23 34  6 K
11  9 34  4 L  3 22 25 14 L  5 28 18 30 L 23  8 29 26 L 37 13 17 27 L 15 21 20 36 L  2 19 10  6 L 33  1 31 32 L 16 24 35  7 L
