37 9 37 37 1 g
37 35 23 30  1  29 11 14  3  1  31 17  7 19  1  12 34 18 15  1  26  2  6 16  1   4 10  9 25  1  28  8 36 32  1  22 27 20 21  1   5 13 24 33  1  
 1 36 24 31  2  30 12 15  4  2  32 18  8 20  2  13 35 19 16  2  27  3  7 17  2   5 11 10 26  2  29  9 37 33  2  23 28 21 22  2   6 14 25 34  2  
 2 37 25 32  3  31 13 16  5  3  33 19  9 21  3  14 36 20 17  3  28  4  8 18  3   6 12 11 27  3  30 10  1 34  3  24 29 22 23  3   7 15 26 35  3  
 3  1 26 33  4  32 14 17  6  4  34 20 10 22  4  15 37 21 18  4  29  5  9 19  4   7 13 12 28  4  31 11  2 35  4  25 30 23 24  4   8 16 27 36  4  
 4  2 27 34  5  33 15 18  7  5  35 21 11 23  5  16  1 22 19  5  30  6 10 20  5   8 14 13 29  5  32 12  3 36  5  26 31 24 25  5   9 17 28 37  5  
 5  3 28 35  6  34 16 19  8  6  36 22 12 24  6  17  2 23 20  6  31  7 11 21  6   9 15 14 30  6  33 13  4 37  6  27 32 25 26  6  10 18 29  1  6  
 6  4 29 36  7  35 17 20  9  7  37 23 13 25  7  18  3 24 21  7  32  8 12 22  7  10 16 15 31  7  34 14  5  1  7  28 33 26 27  7  11 19 30  2  7  
 7  5 30 37  8  36 18 21 10  8   1 24 14 26  8  19  4 25 22  8  33  9 13 23  8  11 17 16 32  8  35 15  6  2  8  29 34 27 28  8  12 20 31  3  8  
 8  6 31  1  9  37 19 22 11  9   2 25 15 27  9  20  5 26 23  9  34 10 14 24  9  12 18 17 33  9  36 16  7  3  9  30 35 28 29  9  13 21 32  4  9  
 9  7 32  2 10   1 20 23 12 10   3 26 16 28 10  21  6 27 24 10  35 11 15 25 10  13 19 18 34 10  37 17  8  4 10  31 36 29 30 10  14 22 33  5 10  
10  8 33  3 11   2 21 24 13 11   4 27 17 29 11  22  7 28 25 11  36 12 16 26 11  14 20 19 35 11   1 18  9  5 11  32 37 30 31 11  15 23 34  6 11  
11  9 34  4 12   3 22 25 14 12   5 28 18 30 12  23  8 29 26 12  37 13 17 27 12  15 21 20 36 12   2 19 10  6 12  33  1 31 32 12  16 24 35  7 12  
12 10 35  5 13   4 23 26 15 13   6 29 19 31 13  24  9 30 27 13   1 14 18 28 13  16 22 21 37 13   3 20 11  7 13  34  2 32 33 13  17 25 36  8 13  
13 11 36  6 14   5 24 27 16 14   7 30 20 32 14  25 10 31 28 14   2 15 19 29 14  17 23 22  1 14   4 21 12  8 14  35  3 33 34 14  18 26 37  9 14  
14 12 37  7 15   6 25 28 17 15   8 31 21 33 15  26 11 32 29 15   3 16 20 30 15  18 24 23  2 15   5 22 13  9 15  36  4 34 35 15  19 27  1 10 15  
15 13  1  8 16   7 26 29 18 16   9 32 22 34 16  27 12 33 30 16   4 17 21 31 16  19 25 24  3 16   6 23 14 10 16  37  5 35 36 16  20 28  2 11 16  
16 14  2  9 17   8 27 30 19 17  10 33 23 35 17  28 13 34 31 17   5 18 22 32 17  20 26 25  4 17   7 24 15 11 17   1  6 36 37 17  21 29  3 12 17  
17 15  3 10 18   9 28 31 20 18  11 34 24 36 18  29 14 35 32 18   6 19 23 33 18  21 27 26  5 18   8 25 16 12 18   2  7 37  1 18  22 30  4 13 18  
18 16  4 11 19  10 29 32 21 19  12 35 25 37 19  30 15 36 33 19   7 20 24 34 19  22 28 27  6 19   9 26 17 13 19   3  8  1  2 19  23 31  5 14 19  
19 17  5 12 20  11 30 33 22 20  13 36 26  1 20  31 16 37 34 20   8 21 25 35 20  23 29 28  7 20  10 27 18 14 20   4  9  2  3 20  24 32  6 15 20  
20 18  6 13 21  12 31 34 23 21  14 37 27  2 21  32 17  1 35 21   9 22 26 36 21  24 30 29  8 21  11 28 19 15 21   5 10  3  4 21  25 33  7 16 21  
21 19  7 14 22  13 32 35 24 22  15  1 28  3 22  33 18  2 36 22  10 23 27 37 22  25 31 30  9 22  12 29 20 16 22   6 11  4  5 22  26 34  8 17 22  
22 20  8 15 23  14 33 36 25 23  16  2 29  4 23  34 19  3 37 23  11 24 28  1 23  26 32 31 10 23  13 30 21 17 23   7 12  5  6 23  27 35  9 18 23  
23 21  9 16 24  15 34 37 26 24  17  3 30  5 24  35 20  4  1 24  12 25 29  2 24  27 33 32 11 24  14 31 22 18 24   8 13  6  7 24  28 36 10 19 24  
24 22 10 17 25  16 35  1 27 25  18  4 31  6 25  36 21  5  2 25  13 26 30  3 25  28 34 33 12 25  15 32 23 19 25   9 14  7  8 25  29 37 11 20 25  
25 23 11 18 26  17 36  2 28 26  19  5 32  7 26  37 22  6  3 26  14 27 31  4 26  29 35 34 13 26  16 33 24 20 26  10 15  8  9 26  30  1 12 21 26  
26 24 12 19 27  18 37  3 29 27  20  6 33  8 27   1 23  7  4 27  15 28 32  5 27  30 36 35 14 27  17 34 25 21 27  11 16  9 10 27  31  2 13 22 27  
27 25 13 20 28  19  1  4 30 28  21  7 34  9 28   2 24  8  5 28  16 29 33  6 28  31 37 36 15 28  18 35 26 22 28  12 17 10 11 28  32  3 14 23 28  
28 26 14 21 29  20  2  5 31 29  22  8 35 10 29   3 25  9  6 29  17 30 34  7 29  32  1 37 16 29  19 36 27 23 29  13 18 11 12 29  33  4 15 24 29  
29 27 15 22 30  21  3  6 32 30  23  9 36 11 30   4 26 10  7 30  18 31 35  8 30  33  2  1 17 30  20 37 28 24 30  14 19 12 13 30  34  5 16 25 30  
30 28 16 23 31  22  4  7 33 31  24 10 37 12 31   5 27 11  8 31  19 32 36  9 31  34  3  2 18 31  21  1 29 25 31  15 20 13 14 31  35  6 17 26 31  
31 29 17 24 32  23  5  8 34 32  25 11  1 13 32   6 28 12  9 32  20 33 37 10 32  35  4  3 19 32  22  2 30 26 32  16 21 14 15 32  36  7 18 27 32  
32 30 18 25 33  24  6  9 35 33  26 12  2 14 33   7 29 13 10 33  21 34  1 11 33  36  5  4 20 33  23  3 31 27 33  17 22 15 16 33  37  8 19 28 33  
33 31 19 26 34  25  7 10 36 34  27 13  3 15 34   8 30 14 11 34  22 35  2 12 34  37  6  5 21 34  24  4 32 28 34  18 23 16 17 34   1  9 20 29 34  
34 32 20 27 35  26  8 11 37 35  28 14  4 16 35   9 31 15 12 35  23 36  3 13 35   1  7  6 22 35  25  5 33 29 35  19 24 17 18 35   2 10 21 30 35  
35 33 21 28 36  27  9 12  1 36  29 15  5 17 36  10 32 16 13 36  24 37  4 14 36   2  8  7 23 36  26  6 34 30 36  20 25 18 19 36   3 11 22 31 36  
36 34 22 29 37  28 10 13  2 37  30 16  6 18 37  11 33 17 14 37  25  1  5 15 37   3  9  8 24 37  27  7 35 31 37  21 26 19 20 37   4 12 23 32 37  
