37 9 12 12 1 l
12 10 35  5 A  4 23 26 15 A  6 29 19 31 A 24  9 30 27 A  1 14 18 28 A 16 22 21 37 A  3 20 11  7 A 34  2 32 33 A 17 25 36  8 A
13 11 36  6 B  5 24 27 16 B  7 30 20 32 B 25 10 31 28 B  2 15 19 29 B 17 23 22  1 B  4 21 12  8 B 35  3 33 34 B 18 26 37  9 B
14 12 37  7 C  6 25 28 17 C  8 31 21 33 C 26 11 32 29 C  3 16 20 30 C 18 24 23  2 C  5 22 13  9 C 36  4 34 35 C 19 27  1 10 C
15 13  1  8 D  7 26 29 18 D  9 32 22 34 D 27 12 33 30 D  4 17 21 31 D 19 25 24  3 D  6 23 14 10 D 37  5 35 36 D 20 28  2 11 D
16 14  2  9 E  8 27 30 19 E 10 33 23 35 E 28 13 34 31 E  5 18 22 32 E 20 26 25  4 E  7 24 15 11 E  1  6 36 37 E 21 29  3 12 E
17 15  3 10 F  9 28 31 20 F 11 34 24 36 F 29 14 35 32 F  6 19 23 33 F 21 27 26  5 F  8 25 16 12 F  2  7 37  1 F 22 30  4 13 F
18 16  4 11 G 10 29 32 21 G 12 35 25 37 G 30 15 36 33 G  7 20 24 34 G 22 28 27  6 G  9 26 17 13 G  3  8  1  2 G 23 31  5 14 G
19 17  5 12 H 11 30 33 22 H 13 36 26  1 H 31 16 37 34 H  8 21 25 35 H 23 29 28  7 H 10 27 18 14 H  4  9  2  3 H 24 32  6 15 H
20 18  6 13 I 12 31 34 23 I 14 37 27  2 I 32 17  1 35 I  9 22 26 36 I 24 30 29  8 I 11 28 19 15 I  5 10  3  4 I 25 33  7 16 I
21 19  7 14 J 13 32 35 24 J 15  1 28  3 J 33 18  2 36 J 10 23 27 37 J 25 31 30  9 J 12 29 20 16 J  6 11  4  5 J 26 34  8 17 J
22 20  8 15 K 14 33 36 25 K 16  2 29  4 K 34 19  3 37 K 11 24 28  1 K 26 32 31 10 K 13 30 21 17 K  7 12  5  6 K 27 35  9 18 K
23 21  9 16 L 15 34 37 26 L 17  3 30  5 L 35 20  4  1 L 12 25 29  2 L 27 33 32 11 L 14 31 22 18 L  8 13  6  7 L 28 36 10 19 L
