37 9 13 13 1 l
24 22 10 17 A 16 35  1 27 A 18  4 31  6 A 36 21  5  2 A 13 26 30  3 A 28 34 33 12 A 15 32 23 19 A  9 14  7  8 A 29 37 11 20 A
25 23 11 18 B 17 36  2 28 B 19  5 32  7 B 37 22  6  3 B 14 27 31  4 B 29 35 34 13 B 16 33 24 20 B 10 15  8  9 B 30  1 12 21 B
26 24 12 19 C 18 37  3 29 C 20  6 33  8 C  1 23  7  4 C 15 28 32  5 C 30 36 35 14 C 17 34 25 21 C 11 16  9 10 C 31  2 13 22 C
27 25 13 20 D 19  1  4 30 D 21  7 34  9 D  2 24  8  5 D 16 29 33  6 D 31 37 36 15 D 18 35 26 22 D 12 17 10 11 D 32  3 14 23 D
28 26 14 21 E 20  2  5 31 E 22  8 35 10 E  3 25  9  6 E 17 30 34  7 E 32  1 37 16 E 19 36 27 23 E 13 18 11 12 E 33  4 15 24 E
29 27 15 22 F 21  3  6 32 F 23  9 36 11 F  4 26 10  7 F 18 31 35  8 F 33  2  1 17 F 20 37 28 24 F 14 19 12 13 F 34  5 16 25 F
30 28 16 23 G 22  4  7 33 G 24 10 37 12 G  5 27 11  8 G 19 32 36  9 G 34  3  2 18 G 21  1 29 25 G 15 20 13 14 G 35  6 17 26 G
31 29 17 24 H 23  5  8 34 H 25 11  1 13 H  6 28 12  9 H 20 33 37 10 H 35  4  3 19 H 22  2 30 26 H 16 21 14 15 H 36  7 18 27 H
32 30 18 25 I 24  6  9 35 I 26 12  2 14 I  7 29 13 10 I 21 34  1 11 I 36  5  4 20 I 23  3 31 27 I 17 22 15 16 I 37  8 19 28 I
33 31 19 26 J 25  7 10 36 J 27 13  3 15 J  8 30 14 11 J 22 35  2 12 J 37  6  5 21 J 24  4 32 28 J 18 23 16 17 J  1  9 20 29 J
34 32 20 27 K 26  8 11 37 K 28 14  4 16 K  9 31 15 12 K 23 36  3 13 K  1  7  6 22 K 25  5 33 29 K 19 24 17 18 K  2 10 21 30 K
35 33 21 28 L 27  9 12  1 L 29 15  5 17 L 10 32 16 13 L 24 37  4 14 L  2  8  7 23 L 26  6 34 30 L 20 25 18 19 L  3 11 22 31 L
36 34 22 29 M 28 10 13  2 M 30 16  6 18 M 11 33 17 14 M 25  1  5 15 M  3  9  8 24 M 27  7 35 31 M 21 26 19 20 M  4 12 23 32 M
