40 10 13 13 1 l
40  1 18 31 A  4 24 37 22 A 19  3  5 34 A 30 16 27 39 A  2 13  6 12 A 10  9 32 35 A 25 23 20 15 A 21 17 36 28 A  7 14  8 26 A 29 38 11 33 A  
40  2 19 32 B  5 25 38 23 B 20  4  6 35 B 31 17 28  1 B  3 14  7 13 B 11 10 33 36 B 26 24 21 16 B 22 18 37 29 B  8 15  9 27 B 30 39 12 34 B  
40  3 20 33 C  6 26 39 24 C 21  5  7 36 C 32 18 29  2 C  4 15  8 14 C 12 11 34 37 C 27 25 22 17 C 23 19 38 30 C  9 16 10 28 C 31  1 13 35 C  
40  4 21 34 D  7 27  1 25 D 22  6  8 37 D 33 19 30  3 D  5 16  9 15 D 13 12 35 38 D 28 26 23 18 D 24 20 39 31 D 10 17 11 29 D 32  2 14 36 D  
40  5 22 35 E  8 28  2 26 E 23  7  9 38 E 34 20 31  4 E  6 17 10 16 E 14 13 36 39 E 29 27 24 19 E 25 21  1 32 E 11 18 12 30 E 33  3 15 37 E  
40  6 23 36 F  9 29  3 27 F 24  8 10 39 F 35 21 32  5 F  7 18 11 17 F 15 14 37  1 F 30 28 25 20 F 26 22  2 33 F 12 19 13 31 F 34  4 16 38 F  
40  7 24 37 G 10 30  4 28 G 25  9 11  1 G 36 22 33  6 G  8 19 12 18 G 16 15 38  2 G 31 29 26 21 G 27 23  3 34 G 13 20 14 32 G 35  5 17 39 G  
40  8 25 38 H 11 31  5 29 H 26 10 12  2 H 37 23 34  7 H  9 20 13 19 H 17 16 39  3 H 32 30 27 22 H 28 24  4 35 H 14 21 15 33 H 36  6 18  1 H  
40  9 26 39 I 12 32  6 30 I 27 11 13  3 I 38 24 35  8 I 10 21 14 20 I 18 17  1  4 I 33 31 28 23 I 29 25  5 36 I 15 22 16 34 I 37  7 19  2 I  
40 10 27  1 J 13 33  7 31 J 28 12 14  4 J 39 25 36  9 J 11 22 15 21 J 19 18  2  5 J 34 32 29 24 J 30 26  6 37 J 16 23 17 35 J 38  8 20  3 J  
40 11 28  2 K 14 34  8 32 K 29 13 15  5 K  1 26 37 10 K 12 23 16 22 K 20 19  3  6 K 35 33 30 25 K 31 27  7 38 K 17 24 18 36 K 39  9 21  4 K 
40 12 29  3 L 15 35  9 33 L 30 14 16  6 L  2 27 38 11 L 13 24 17 23 L 21 20  4  7 L 36 34 31 26 L 32 28  8 39 L 18 25 19 37 L  1 10 22  5 L
40 13 30  4 M 16 36 10 34 M 31 15 17  7 M  3 28 39 12 M 14 25 18 24 M 22 21  5  8 M 37 35 32 27 M 33 29  9  1 M 19 26 20 38 M  2 11 23  6 M 
