40 10 13 13 1 l
40 14 31  5 A 17 37 11 35 A 32 16 18  8 A  4 29  1 13 A 15 26 19 25 A 23 22  6  9 A 38 36 33 28 A 34 30 10  2 A 20 27 21 39 A  3 12 24  7 A 
40 15 32  6 B 18 38 12 36 B 33 17 19  9 B  5 30  2 14 B 16 27 20 26 B 24 23  7 10 B 39 37 34 29 B 35 31 11  3 B 21 28 22  1 B  4 13 25  8 B 
40 16 33  7 C 19 39 13 37 C 34 18 20 10 C  6 31  3 15 C 17 28 21 27 C 25 24  8 11 C  1 38 35 30 C 36 32 12  4 C 22 29 23  2 C  5 14 26  9 C 
40 17 34  8 D 20  1 14 38 D 35 19 21 11 D  7 32  4 16 D 18 29 22 28 D 26 25  9 12 D  2 39 36 31 D 37 33 13  5 D 23 30 24  3 D  6 15 27 10 D 
40 18 35  9 E 21  2 15 39 E 36 20 22 12 E  8 33  5 17 E 19 30 23 29 E 27 26 10 13 E  3  1 37 32 E 38 34 14  6 E 24 31 25  4 E  7 16 28 11 E 
40 19 36 10 F 22  3 16  1 F 37 21 23 13 F  9 34  6 18 F 20 31 24 30 F 28 27 11 14 F  4  2 38 33 F 39 35 15  7 F 25 32 26  5 F  8 17 29 12 F 
40 20 37 11 G 23  4 17  2 G 38 22 24 14 G 10 35  7 19 G 21 32 25 31 G 29 28 12 15 G  5  3 39 34 G  1 36 16  8 G 26 33 27  6 G  9 18 30 13 G 
40 21 38 12 H 24  5 18  3 H 39 23 25 15 H 11 36  8 20 H 22 33 26 32 H 30 29 13 16 H  6  4  1 35 H  2 37 17  9 H 27 34 28  7 H 10 19 31 14 H 
40 22 39 13 I 25  6 19  4 I  1 24 26 16 I 12 37  9 21 I 23 34 27 33 I 31 30 14 17 I  7  5  2 36 I  3 38 18 10 I 28 35 29  8 I 11 20 32 15 I 
40 23  1 14 J 26  7 20  5 J  2 25 27 17 J 13 38 10 22 J 24 35 28 34 J 32 31 15 18 J  8  6  3 37 J  4 39 19 11 J 29 36 30  9 J 12 21 33 16 J 
40 24  2 15 K 27  8 21  6 K  3 26 28 18 K 14 39 11 23 K 25 36 29 35 K 33 32 16 19 K  9  7  4 38 K  5  1 20 12 K 30 37 31 10 K 13 22 34 17 K 
40 25  3 16 L 28  9 22  7 L  4 27 29 19 L 15  1 12 24 L 26 37 30 36 L 34 33 17 20 L 10  8  5 39 L  6  2 21 13 L 31 38 32 11 L 14 23 35 18 L 
40 26  4 17 M 29 10 23  8 M  5 28 30 20 M 16  2 13 25 M 27 38 31 37 M 35 34 18 21 M 11  9  6  1 M  7  3 22 14 M 32 39 33 12 M 15 24 36 19 M 
