40 10 13 13 1 l
40 27  5 18 A 30 11 24  9 A  6 29 31 21 A 17  3 14 26 A 28 39 32 38 A 36 35 19 22 A 12 10  7  2 A  8  4 23 15 A 33  1 34 13 A 16 25 37 20 A 
40 28  6 19 B 31 12 25 10 B  7 30 32 22 B 18  4 15 27 B 29  1 33 39 B 37 36 20 23 B 13 11  8  3 B  9  5 24 16 B 34  2 35 14 B 17 26 38 21 B 
40 29  7 20 C 32 13 26 11 C  8 31 33 23 C 19  5 16 28 C 30  2 34  1 C 38 37 21 24 C 14 12  9  4 C 10  6 25 17 C 35  3 36 15 C 18 27 39 22 C 
40 30  8 21 D 33 14 27 12 D  9 32 34 24 D 20  6 17 29 D 31  3 35  2 D 39 38 22 25 D 15 13 10  5 D 11  7 26 18 D 36  4 37 16 D 19 28  1 23 D 
40 31  9 22 E 34 15 28 13 E 10 33 35 25 E 21  7 18 30 E 32  4 36  3 E  1 39 23 26 E 16 14 11  6 E 12  8 27 19 E 37  5 38 17 E 20 29  2 24 E 
40 32 10 23 F 35 16 29 14 F 11 34 36 26 F 22  8 19 31 F 33  5 37  4 F  2  1 24 27 F 17 15 12  7 F 13  9 28 20 F 38  6 39 18 F 21 30  3 25 F 
40 33 11 24 G 36 17 30 15 G 12 35 37 27 G 23  9 20 32 G 34  6 38  5 G  3  2 25 28 G 18 16 13  8 G 14 10 29 21 G 39  7  1 19 G 22 31  4 26 G  
40 34 12 25 H 37 18 31 16 H 13 36 38 28 H 24 10 21 33 H 35  7 39  6 H  4  3 26 29 H 19 17 14  9 H 15 11 30 22 H  1  8  2 20 H 23 32  5 27 H 
40 35 13 26 I 38 19 32 17 I 14 37 39 29 I 25 11 22 34 I 36  8  1  7 I  5  4 27 30 I 20 18 15 10 I 16 12 31 23 I  2  9  3 21 I 24 33  6 28 I 
40 36 14 27 J 39 20 33 18 J 15 38  1 30 J 26 12 23 35 J 37  9  2  8 J  6  5 28 31 J 21 19 16 11 J 17 13 32 24 J  3 10  4 22 J 25 34  7 29 J 
40 37 15 28 K  1 21 34 19 K 16 39  2 31 K 27 13 24 36 K 38 10  3  9 K  7  6 29 32 K 22 20 17 12 K 18 14 33 25 K  4 11  5 23 K 26 35  8 30 K 
40 38 16 29 L  2 22 35 20 L 17  1  3 32 L 28 14 25 37 L 39 11  4 10 L  8  7 30 33 L 23 21 18 13 L 19 15 34 26 L  5 12  6 24 L 27 36  9 31 L 
40 39 17 30 M  3 23 36 21 M 18  2  4 33 M 29 15 26 38 M  1 12  5 11 M  9  8 31 34 M 24 22 19 14 M 20 16 35 27 M  6 13  7 25 M 28 37 10 32 M 