41 10 14 14 1 l
14 16  4 26 A 13 17 34 37 A 11 19 12 18 A 23  7 21  9 A 31 40  3 27 A  6 24 39 32 A 33 38  8 22 A 20 10  1 29 A  5 25 28  2 A 35 36 41 30 A 
15 17  5 27 B 14 18 35 38 B 12 20 13 19 B 24  8 22 10 B 32 41  4 28 B  7 25 40 33 B 34 39  9 23 B 21 11  2 30 B  6 26 29  3 B 36 37  1 31 B 
16 18  6 28 C 15 19 36 39 C 13 21 14 20 C 25  9 23 11 C 33  1  5 29 C  8 26 41 34 C 35 40 10 24 C 22 12  3 31 C  7 27 30  4 C 37 38  2 32 C 
17 19  7 29 D 16 20 37 40 D 14 22 15 21 D 26 10 24 12 D 34  2  6 30 D  9 27  1 35 D 36 41 11 25 D 23 13  4 32 D  8 28 31  5 D 38 39  3 33 D 
18 20  8 30 E 17 21 38 41 E 15 23 16 22 E 27 11 25 13 E 35  3  7 31 E 10 28  2 36 E 37  1 12 26 E 24 14  5 33 E  9 29 32  6 E 39 40  4 34 E 
19 21  9 31 F 18 22 39  1 F 16 24 17 23 F 28 12 26 14 F 36  4  8 32 F 11 29  3 37 F 38  2 13 27 F 25 15  6 34 F 10 30 33  7 F 40 41  5 35 F 
20 22 10 32 G 19 23 40  2 G 17 25 18 24 G 29 13 27 15 G 37  5  9 33 G 12 30  4 38 G 39  3 14 28 G 26 16  7 35 G 11 31 34  8 G 41  1  6 36 G 
21 23 11 33 H 20 24 41  3 H 18 26 19 25 H 30 14 28 16 H 38  6 10 34 H 13 31  5 39 H 40  4 15 29 H 27 17  8 36 H 12 32 35  9 H  1  2  7 37 H 
22 24 12 34 I 21 25  1  4 I 19 27 20 26 I 31 15 29 17 I 39  7 11 35 I 14 32  6 40 I 41  5 16 30 I 28 18  9 37 I 13 33 36 10 I  2  3  8 38 I 
23 25 13 35 J 22 26  2  5 J 20 28 21 27 J 32 16 30 18 J 40  8 12 36 J 15 33  7 41 J  1  6 17 31 J 29 19 10 38 J 14 34 37 11 J  3  4  9 39 J 
24 26 14 36 K 23 27  3  6 K 21 29 22 28 K 33 17 31 19 K 41  9 13 37 K 16 34  8  1 K  2  7 18 32 K 30 20 11 39 K 15 35 38 12 K  4  5 10 40 K 
25 27 15 37 L 24 28  4  7 L 22 30 23 29 L 34 18 32 20 L  1 10 14 38 L 17 35  9  2 L  3  8 19 33 L 31 21 12 40 L 16 36 39 13 L  5  6 11 41 L 
26 28 16 38 M 25 29  5  8 M 23 31 24 30 M 35 19 33 21 M  2 11 15 39 M 18 36 10  3 M  4  9 20 34 M 32 22 13 41 M 17 37 40 14 M  6  7 12  1 M 
27 29 17 39 N 26 30  6  9 N 24 32 25 31 N 36 20 34 22 N  3 12 16 40 N 19 37 11  4 N  5 10 21 35 N 33 23 14  1 N 18 38 41 15 N  7  8 13  2 N 
