41 10 14 14 1 l
41  2 31 12 A 40  3 20 23 A 38  5 39  4 A  9 34  7 36 A 17 26 30 13 A 33 10 25 18 A 19 24 35  8 A  6 37 28 15 A 32 11 14 29 A 21 22 27 16 A 
 1  3 32 13 B 41  4 21 24 B 39  6 40  5 B 10 35  8 37 B 18 27 31 14 B 34 11 26 19 B 20 25 36  9 B  7 38 29 16 B 33 12 15 30 B 22 23 28 17 B 
 2  4 33 14 C  1  5 22 25 C 40  7 41  6 C 11 36  9 38 C 19 28 32 15 C 35 12 27 20 C 21 26 37 10 C  8 39 30 17 C 34 13 16 31 C 23 24 29 18 C 
 3  5 34 15 D  2  6 23 26 D 41  8  1  7 D 12 37 10 39 D 20 29 33 16 D 36 13 28 21 D 22 27 38 11 D  9 40 31 18 D 35 14 17 32 D 24 25 30 19 D 
 4  6 35 16 E  3  7 24 27 E  1  9  2  8 E 13 38 11 40 E 21 30 34 17 E 37 14 29 22 E 23 28 39 12 E 10 41 32 19 E 36 15 18 33 E 25 26 31 20 E 
 5  7 36 17 F  4  8 25 28 F  2 10  3  9 F 14 39 12 41 F 22 31 35 18 F 38 15 30 23 F 24 29 40 13 F 11  1 33 20 F 37 16 19 34 F 26 27 32 21 F 
 6  8 37 18 G  5  9 26 29 G  3 11  4 10 G 15 40 13  1 G 23 32 36 19 G 39 16 31 24 G 25 30 41 14 G 12  2 34 21 G 38 17 20 35 G 27 28 33 22 G 
 7  9 38 19 H  6 10 27 30 H  4 12  5 11 H 16 41 14  2 H 24 33 37 20 H 40 17 32 25 H 26 31  1 15 H 13  3 35 22 H 39 18 21 36 H 28 29 34 23 H 
 8 10 39 20 I  7 11 28 31 I  5 13  6 12 I 17  1 15  3 I 25 34 38 21 I 41 18 33 26 I 27 32  2 16 I 14  4 36 23 I 40 19 22 37 I 29 30 35 24 I 
 9 11 40 21 J  8 12 29 32 J  6 14  7 13 J 18  2 16  4 J 26 35 39 22 J  1 19 34 27 J 28 33  3 17 J 15  5 37 24 J 41 20 23 38 J 30 31 36 25 J 
10 12 41 22 K  9 13 30 33 K  7 15  8 14 K 19  3 17  5 K 27 36 40 23 K  2 20 35 28 K 29 34  4 18 K 16  6 38 25 K  1 21 24 39 K 31 32 37 26 K 
11 13  1 23 L 10 14 31 34 L  8 16  9 15 L 20  4 18  6 L 28 37 41 24 L  3 21 36 29 L 30 35  5 19 L 17  7 39 26 L  2 22 25 40 L 32 33 38 27 L 
12 14  2 24 M 11 15 32 35 M  9 17 10 16 M 21  5 19  7 M 29 38  1 25 M  4 22 37 30 M 31 36  6 20 M 18  8 40 27 M  3 23 26 41 M 33 34 39 28 M 
13 15  3 25 N 12 16 33 36 N 10 18 11 17 N 22  6 20  8 N 30 39  2 26 N  5 23 38 31 N 32 37  7 21 N 19  9 41 28 N  4 24 27  1 N 34 35 40 29 N 
