41 10 13 13 1 l
28 30 18 40 A 27 31  7 10 A 25 33 26 32 A 37 21 35 23 A  4 13 17 41 A 20 38 12  5 A  6 11 22 36 A 34 24 15  2 A 19 39  1 16 A  8  9 14  3 A 
29 31 19 41 B 28 32  8 11 B 26 34 27 33 B 38 22 36 24 B  5 14 18  1 B 21 39 13  6 B  7 12 23 37 B 35 25 16  3 B 20 40  2 17 B  9 10 15  4 B 
30 32 20  1 C 29 33  9 12 C 27 35 28 34 C 39 23 37 25 C  6 15 19  2 C 22 40 14  7 C  8 13 24 38 C 36 26 17  4 C 21 41  3 18 C 10 11 16  5 C 
31 33 21  2 D 30 34 10 13 D 28 36 29 35 D 40 24 38 26 D  7 16 20  3 D 23 41 15  8 D  9 14 25 39 D 37 27 18  5 D 22  1  4 19 D 11 12 17  6 D 
32 34 22  3 E 31 35 11 14 E 29 37 30 36 E 41 25 39 27 E  8 17 21  4 E 24  1 16  9 E 10 15 26 40 E 38 28 19  6 E 23  2  5 20 E 12 13 18  7 E 
33 35 23  4 F 32 36 12 15 F 30 38 31 37 F  1 26 40 28 F  9 18 22  5 F 25  2 17 10 F 11 16 27 41 F 39 29 20  7 F 24  3  6 21 F 13 14 19  8 F 
34 36 24  5 G 33 37 13 16 G 31 39 32 38 G  2 27 41 29 G 10 19 23  6 G 26  3 18 11 G 12 17 28  1 G 40 30 21  8 G 25  4  7 22 G 14 15 20  9 G 
35 37 25  6 H 34 38 14 17 H 32 40 33 39 H  3 28  1 30 H 11 20 24  7 H 27  4 19 12 H 13 18 29  2 H 41 31 22  9 H 26  5  8 23 H 15 16 21 10 H 
36 38 26  7 I 35 39 15 18 I 33 41 34 40 I  4 29  2 31 I 12 21 25  8 I 28  5 20 13 I 14 19 30  3 I  1 32 23 10 I 27  6  9 24 I 16 17 22 11 I 
37 39 27  8 J 36 40 16 19 J 34  1 35 41 J  5 30  3 32 J 13 22 26  9 J 29  6 21 14 J 15 20 31  4 J  2 33 24 11 J 28  7 10 25 J 17 18 23 12 J 
38 40 28  9 K 37 41 17 20 K 35  2 36  1 K  6 31  4 33 K 14 23 27 10 K 30  7 22 15 K 16 21 32  5 K  3 34 25 12 K 29  8 11 26 K 18 19 24 13 K 
39 41 29 10 L 38  1 18 21 L 36  3 37  2 L  7 32  5 34 L 15 24 28 11 L 31  8 23 16 L 17 22 33  6 L  4 35 26 13 L 30  9 12 27 L 19 20 25 14 L 
40  1 30 11 M 39  2 19 22 M 37  4 38  3 M  8 33  6 35 M 16 25 29 12 M 32  9 24 17 M 18 23 34  7 M  5 36 27 14 M 31 10 13 28 M 20 21 26 15 M 
