44 11 14 14 1 l
44 15  4 10 A 24  2 43 32 A 29 11  5 33 A  7 23 22 19 A 12 25 17 41 A 39 38 36 16 A 27 31 21 14 A 35 30  1 42 A 28 20  3 13 A 18  9 34  8 A 37  6 40 26 A 
44 16  5 11 B 25  3  1 33 B 30 12  6 34 B  8 24 23 20 B 13 26 18 42 B 40 39 37 17 B 28 32 22 15 B 36 31  2 43 B 29 21  4 14 B 19 10 35  9 B 38  7 41 27 B 
44 17  6 12 C 26  4  2 34 C 31 13  7 35 C  9 25 24 21 C 14 27 19 43 C 41 40 38 18 C 29 33 23 16 C 37 32  3  1 C 30 22  5 15 C 20 11 36 10 C 39  8 42 28 C 
44 18  7 13 D 27  5  3 35 D 32 14  8 36 D 10 26 25 22 D 15 28 20  1 D 42 41 39 19 D 30 34 24 17 D 38 33  4  2 D 31 23  6 16 D 21 12 37 11 D 40  9 43 29 D 
44 19  8 14 E 28  6  4 36 E 33 15  9 37 E 11 27 26 23 E 16 29 21  2 E 43 42 40 20 E 31 35 25 18 E 39 34  5  3 E 32 24  7 17 E 22 13 38 12 E 41 10  1 30 E 
44 20  9 15 F 29  7  5 37 F 34 16 10 38 F 12 28 27 24 F 17 30 22  3 F  1 43 41 21 F 32 36 26 19 F 40 35  6  4 F 33 25  8 18 F 23 14 39 13 F 42 11  2 31 F 
44 21 10 16 G 30  8  6 38 G 35 17 11 39 G 13 29 28 25 G 18 31 23  4 G  2  1 42 22 G 33 37 27 20 G 41 36  7  5 G 34 26  9 19 G 24 15 40 14 G 43 12  3 32 G 
44 22 11 17 H 31  9  7 39 H 36 18 12 40 H 14 30 29 26 H 19 32 24  5 H  3  2 43 23 H 34 38 28 21 H 42 37  8  6 H 35 27 10 20 H 25 16 41 15 H  1 13  4 33 H 
44 23 12 18 I 32 10  8 40 I 37 19 13 41 I 15 31 30 27 I 20 33 25  6 I  4  3  1 24 I 35 39 29 22 I 43 38  9  7 I 36 28 11 21 I 26 17 42 16 I  2 14  5 34 I 
44 24 13 19 J 33 11  9 41 J 38 20 14 42 J 16 32 31 28 J 21 34 26  7 J  5  4  2 25 J 36 40 30 23 J  1 39 10  8 J 37 29 12 22 J 27 18 43 17 J  3 15  6 35 J 
44 25 14 20 K 34 12 10 42 K 39 21 15 43 K 17 33 32 29 K 22 35 27  8 K  6  5  3 26 K 37 41 31 24 K  2 40 11  9 K 38 30 13 23 K 28 19  1 18 K  4 16  7 36 K 
44 26 15 21 L 35 13 11 43 L 40 22 16  1 L 18 34 33 30 L 23 36 28  9 L  7  6  4 27 L 38 42 32 25 L  3 41 12 10 L 39 31 14 24 L 29 20  2 19 L  5 17  8 37 L 
44 27 16 22 M 36 14 12  1 M 41 23 17  2 M 19 35 34 31 M 24 37 29 10 M  8  7  5 28 M 39 43 33 26 M  4 42 13 11 M 40 32 15 25 M 30 21  3 20 M  6 18  9 38 M 
44 28 17 23 N 37 15 13  2 N 42 24 18  3 N 20 36 35 32 N 25 38 30 11 N  9  8  6 29 N 40  1 34 27 N  5 43 14 12 N 41 33 16 26 N 31 22  4 21 N  7 19 10 39 N 