44 11 43 43 1 g
44  1 33 39  1  10 31 29 18  1  15 40 34 19  1  36  9  8  5  1  41 11  3 27  1  25 24 22  2  1  13 17  7 43  1  21 16 30 28  1  14  6 32 42  1   4 38 20 37  1  23 35 26 12  1  
44  2 34 40  2  11 32 30 19  2  16 41 35 20  2  37 10  9  6  2  42 12  4 28  2  26 25 23  3  2  14 18  8  1  2  22 17 31 29  2  15  7 33 43  2   5 39 21 38  2  24 36 27 13  2  
44  3 35 41  3  12 33 31 20  3  17 42 36 21  3  38 11 10  7  3  43 13  5 29  3  27 26 24  4  3  15 19  9  2  3  23 18 32 30  3  16  8 34  1  3   6 40 22 39  3  25 37 28 14  3  
44  4 36 42  4  13 34 32 21  4  18 43 37 22  4  39 12 11  8  4   1 14  6 30  4  28 27 25  5  4  16 20 10  3  4  24 19 33 31  4  17  9 35  2  4   7 41 23 40  4  26 38 29 15  4  
44  5 37 43  5  14 35 33 22  5  19  1 38 23  5  40 13 12  9  5   2 15  7 31  5  29 28 26  6  5  17 21 11  4  5  25 20 34 32  5  18 10 36  3  5   8 42 24 41  5  27 39 30 16  5  
44  6 38  1  6  15 36 34 23  6  20  2 39 24  6  41 14 13 10  6   3 16  8 32  6  30 29 27  7  6  18 22 12  5  6  26 21 35 33  6  19 11 37  4  6   9 43 25 42  6  28 40 31 17  6  
44  7 39  2  7  16 37 35 24  7  21  3 40 25  7  42 15 14 11  7   4 17  9 33  7  31 30 28  8  7  19 23 13  6  7  27 22 36 34  7  20 12 38  5  7  10  1 26 43  7  29 41 32 18  7  
44  8 40  3  8  17 38 36 25  8  22  4 41 26  8  43 16 15 12  8   5 18 10 34  8  32 31 29  9  8  20 24 14  7  8  28 23 37 35  8  21 13 39  6  8  11  2 27  1  8  30 42 33 19  8  
44  9 41  4  9  18 39 37 26  9  23  5 42 27  9   1 17 16 13  9   6 19 11 35  9  33 32 30 10  9  21 25 15  8  9  29 24 38 36  9  22 14 40  7  9  12  3 28  2  9  31 43 34 20  9  
44 10 42  5 10  19 40 38 27 10  24  6 43 28 10   2 18 17 14 10   7 20 12 36 10  34 33 31 11 10  22 26 16  9 10  30 25 39 37 10  23 15 41  8 10  13  4 29  3 10  32  1 35 21 10  
44 11 43  6 11  20 41 39 28 11  25  7  1 29 11   3 19 18 15 11   8 21 13 37 11  35 34 32 12 11  23 27 17 10 11  31 26 40 38 11  24 16 42  9 11  14  5 30  4 11  33  2 36 22 11  
44 12  1  7 12  21 42 40 29 12  26  8  2 30 12   4 20 19 16 12   9 22 14 38 12  36 35 33 13 12  24 28 18 11 12  32 27 41 39 12  25 17 43 10 12  15  6 31  5 12  34  3 37 23 12  
44 13  2  8 13  22 43 41 30 13  27  9  3 31 13   5 21 20 17 13  10 23 15 39 13  37 36 34 14 13  25 29 19 12 13  33 28 42 40 13  26 18  1 11 13  16  7 32  6 13  35  4 38 24 13  
44 14  3  9 14  23  1 42 31 14  28 10  4 32 14   6 22 21 18 14  11 24 16 40 14  38 37 35 15 14  26 30 20 13 14  34 29 43 41 14  27 19  2 12 14  17  8 33  7 14  36  5 39 25 14  
44 15  4 10 15  24  2 43 32 15  29 11  5 33 15   7 23 22 19 15  12 25 17 41 15  39 38 36 16 15  27 31 21 14 15  35 30  1 42 15  28 20  3 13 15  18  9 34  8 15  37  6 40 26 15  
44 16  5 11 16  25  3  1 33 16  30 12  6 34 16   8 24 23 20 16  13 26 18 42 16  40 39 37 17 16  28 32 22 15 16  36 31  2 43 16  29 21  4 14 16  19 10 35  9 16  38  7 41 27 16  
44 17  6 12 17  26  4  2 34 17  31 13  7 35 17   9 25 24 21 17  14 27 19 43 17  41 40 38 18 17  29 33 23 16 17  37 32  3  1 17  30 22  5 15 17  20 11 36 10 17  39  8 42 28 17  
44 18  7 13 18  27  5  3 35 18  32 14  8 36 18  10 26 25 22 18  15 28 20  1 18  42 41 39 19 18  30 34 24 17 18  38 33  4  2 18  31 23  6 16 18  21 12 37 11 18  40  9 43 29 18  
44 19  8 14 19  28  6  4 36 19  33 15  9 37 19  11 27 26 23 19  16 29 21  2 19  43 42 40 20 19  31 35 25 18 19  39 34  5  3 19  32 24  7 17 19  22 13 38 12 19  41 10  1 30 19  
44 20  9 15 20  29  7  5 37 20  34 16 10 38 20  12 28 27 24 20  17 30 22  3 20   1 43 41 21 20  32 36 26 19 20  40 35  6  4 20  33 25  8 18 20  23 14 39 13 20  42 11  2 31 20  
44 21 10 16 21  30  8  6 38 21  35 17 11 39 21  13 29 28 25 21  18 31 23  4 21   2  1 42 22 21  33 37 27 20 21  41 36  7  5 21  34 26  9 19 21  24 15 40 14 21  43 12  3 32 21  
44 22 11 17 22  31  9  7 39 22  36 18 12 40 22  14 30 29 26 22  19 32 24  5 22   3  2 43 23 22  34 38 28 21 22  42 37  8  6 22  35 27 10 20 22  25 16 41 15 22   1 13  4 33 22  
44 23 12 18 23  32 10  8 40 23  37 19 13 41 23  15 31 30 27 23  20 33 25  6 23   4  3  1 24 23  35 39 29 22 23  43 38  9  7 23  36 28 11 21 23  26 17 42 16 23   2 14  5 34 23  
44 24 13 19 24  33 11  9 41 24  38 20 14 42 24  16 32 31 28 24  21 34 26  7 24   5  4  2 25 24  36 40 30 23 24   1 39 10  8 24  37 29 12 22 24  27 18 43 17 24   3 15  6 35 24  
44 25 14 20 25  34 12 10 42 25  39 21 15 43 25  17 33 32 29 25  22 35 27  8 25   6  5  3 26 25  37 41 31 24 25   2 40 11  9 25  38 30 13 23 25  28 19  1 18 25   4 16  7 36 25  
44 26 15 21 26  35 13 11 43 26  40 22 16  1 26  18 34 33 30 26  23 36 28  9 26   7  6  4 27 26  38 42 32 25 26   3 41 12 10 26  39 31 14 24 26  29 20  2 19 26   5 17  8 37 26  
44 27 16 22 27  36 14 12  1 27  41 23 17  2 27  19 35 34 31 27  24 37 29 10 27   8  7  5 28 27  39 43 33 26 27   4 42 13 11 27  40 32 15 25 27  30 21  3 20 27   6 18  9 38 27  
44 28 17 23 28  37 15 13  2 28  42 24 18  3 28  20 36 35 32 28  25 38 30 11 28   9  8  6 29 28  40  1 34 27 28   5 43 14 12 28  41 33 16 26 28  31 22  4 21 28   7 19 10 39 28  
44 29 18 24 29  38 16 14  3 29  43 25 19  4 29  21 37 36 33 29  26 39 31 12 29  10  9  7 30 29  41  2 35 28 29   6  1 15 13 29  42 34 17 27 29  32 23  5 22 29   8 20 11 40 29  
44 30 19 25 30  39 17 15  4 30   1 26 20  5 30  22 38 37 34 30  27 40 32 13 30  11 10  8 31 30  42  3 36 29 30   7  2 16 14 30  43 35 18 28 30  33 24  6 23 30   9 21 12 41 30  
44 31 20 26 31  40 18 16  5 31   2 27 21  6 31  23 39 38 35 31  28 41 33 14 31  12 11  9 32 31  43  4 37 30 31   8  3 17 15 31   1 36 19 29 31  34 25  7 24 31  10 22 13 42 31  
44 32 21 27 32  41 19 17  6 32   3 28 22  7 32  24 40 39 36 32  29 42 34 15 32  13 12 10 33 32   1  5 38 31 32   9  4 18 16 32   2 37 20 30 32  35 26  8 25 32  11 23 14 43 32  
44 33 22 28 33  42 20 18  7 33   4 29 23  8 33  25 41 40 37 33  30 43 35 16 33  14 13 11 34 33   2  6 39 32 33  10  5 19 17 33   3 38 21 31 33  36 27  9 26 33  12 24 15  1 33  
44 34 23 29 34  43 21 19  8 34   5 30 24  9 34  26 42 41 38 34  31  1 36 17 34  15 14 12 35 34   3  7 40 33 34  11  6 20 18 34   4 39 22 32 34  37 28 10 27 34  13 25 16  2 34  
44 35 24 30 35   1 22 20  9 35   6 31 25 10 35  27 43 42 39 35  32  2 37 18 35  16 15 13 36 35   4  8 41 34 35  12  7 21 19 35   5 40 23 33 35  38 29 11 28 35  14 26 17  3 35  
44 36 25 31 36   2 23 21 10 36   7 32 26 11 36  28  1 43 40 36  33  3 38 19 36  17 16 14 37 36   5  9 42 35 36  13  8 22 20 36   6 41 24 34 36  39 30 12 29 36  15 27 18  4 36  
44 37 26 32 37   3 24 22 11 37   8 33 27 12 37  29  2  1 41 37  34  4 39 20 37  18 17 15 38 37   6 10 43 36 37  14  9 23 21 37   7 42 25 35 37  40 31 13 30 37  16 28 19  5 37  
44 38 27 33 38   4 25 23 12 38   9 34 28 13 38  30  3  2 42 38  35  5 40 21 38  19 18 16 39 38   7 11  1 37 38  15 10 24 22 38   8 43 26 36 38  41 32 14 31 38  17 29 20  6 38  
44 39 28 34 39   5 26 24 13 39  10 35 29 14 39  31  4  3 43 39  36  6 41 22 39  20 19 17 40 39   8 12  2 38 39  16 11 25 23 39   9  1 27 37 39  42 33 15 32 39  18 30 21  7 39  
44 40 29 35 40   6 27 25 14 40  11 36 30 15 40  32  5  4  1 40  37  7 42 23 40  21 20 18 41 40   9 13  3 39 40  17 12 26 24 40  10  2 28 38 40  43 34 16 33 40  19 31 22  8 40  
44 41 30 36 41   7 28 26 15 41  12 37 31 16 41  33  6  5  2 41  38  8 43 24 41  22 21 19 42 41  10 14  4 40 41  18 13 27 25 41  11  3 29 39 41   1 35 17 34 41  20 32 23  9 41  
44 42 31 37 42   8 29 27 16 42  13 38 32 17 42  34  7  6  3 42  39  9  1 25 42  23 22 20 43 42  11 15  5 41 42  19 14 28 26 42  12  4 30 40 42   2 36 18 35 42  21 33 24 10 42  
44 43 32 38 43   9 30 28 17 43  14 39 33 18 43  35  8  7  4 43  40 10  2 26 43  24 23 21  1 43  12 16  6 42 43  20 15 29 27 43  13  5 31 41 43   3 37 19 36 43  22 34 25 11 43  
