44 11 15 15 1 l
44 29 18 24 A 38 16 14  3 A 43 25 19  4 A 21 37 36 33 A 26 39 31 12 A 10  9  7 30 A 41  2 35 28 A  6  1 15 13 A 42 34 17 27 A 32 23  5 22 A  8 20 11 40 A 
44 30 19 25 B 39 17 15  4 B  1 26 20  5 B 22 38 37 34 B 27 40 32 13 B 11 10  8 31 B 42  3 36 29 B  7  2 16 14 B 43 35 18 28 B 33 24  6 23 B  9 21 12 41 B 
44 31 20 26 C 40 18 16  5 C  2 27 21  6 C 23 39 38 35 C 28 41 33 14 C 12 11  9 32 C 43  4 37 30 C  8  3 17 15 C  1 36 19 29 C 34 25  7 24 C 10 22 13 42 C 
44 32 21 27 D 41 19 17  6 D  3 28 22  7 D 24 40 39 36 D 29 42 34 15 D 13 12 10 33 D  1  5 38 31 D  9  4 18 16 D  2 37 20 30 D 35 26  8 25 D 11 23 14 43 D 
44 33 22 28 E 42 20 18  7 E  4 29 23  8 E 25 41 40 37 E 30 43 35 16 E 14 13 11 34 E  2  6 39 32 E 10  5 19 17 E  3 38 21 31 E 36 27  9 26 E 12 24 15  1 E 
44 34 23 29 F 43 21 19  8 F  5 30 24  9 F 26 42 41 38 F 31  1 36 17 F 15 14 12 35 F  3  7 40 33 F 11  6 20 18 F  4 39 22 32 F 37 28 10 27 F 13 25 16  2 F 
44 35 24 30 G  1 22 20  9 G  6 31 25 10 G 27 43 42 39 G 32  2 37 18 G 16 15 13 36 G  4  8 41 34 G 12  7 21 19 G  5 40 23 33 G 38 29 11 28 G 14 26 17  3 G 
44 36 25 31 H  2 23 21 10 H  7 32 26 11 H 28  1 43 40 H 33  3 38 19 H 17 16 14 37 H  5  9 42 35 H 13  8 22 20 H  6 41 24 34 H 39 30 12 29 H 15 27 18  4 H 
44 37 26 32 I  3 24 22 11 I  8 33 27 12 I 29  2  1 41 I 34  4 39 20 I 18 17 15 38 I  6 10 43 36 I 14  9 23 21 I  7 42 25 35 I 40 31 13 30 I 16 28 19  5 I 
44 38 27 33 J  4 25 23 12 J  9 34 28 13 J 30  3  2 42 J 35  5 40 21 J 19 18 16 39 J  7 11  1 37 J 15 10 24 22 J  8 43 26 36 J 41 32 14 31 J 17 29 20  6 J 
44 39 28 34 K  5 26 24 13 K 10 35 29 14 K 31  4  3 43 K 36  6 41 22 K 20 19 17 40 K  8 12  2 38 K 16 11 25 23 K  9  1 27 37 K 42 33 15 32 K 18 30 21  7 K 
44 40 29 35 L  6 27 25 14 L 11 36 30 15 L 32  5  4  1 L 37  7 42 23 L 21 20 18 41 L  9 13  3 39 L 17 12 26 24 L 10  2 28 38 L 43 34 16 33 L 19 31 22  8 L 
44 41 30 36 M  7 28 26 15 M 12 37 31 16 M 33  6  5  2 M 38  8 43 24 M 22 21 19 42 M 10 14  4 40 M 18 13 27 25 M 11  3 29 39 M  1 35 17 34 M 20 32 23  9 M 
44 42 31 37 N  8 29 27 16 N 13 38 32 17 N 34  7  6  3 N 39  9  1 25 N 23 22 20 43 N 11 15  5 41 N 19 14 28 26 N 12  4 30 40 N  2 36 18 35 N 21 33 24 10 N 
44 43 32 38 O  9 30 28 17 O 14 39 33 18 O 35  8  7  4 O 40 10  2 26 O 24 23 21  1 O 12 16  6 42 O 20 15 29 27 O 13  5 31 41 O  3 37 19 36 O 22 34 25 11 O 