44 11 14 14 1 l
44  1 33 39 A 10 31 29 18 A 15 40 34 19 A 36  9  8  5 A 41 11  3 27 A 25 24 22  2 A 13 17  7 43 A 21 16 30 28 A 14  6 32 42 A  4 38 20 37 A 23 35 26 12 A 
44  2 34 40 B 11 32 30 19 B 16 41 35 20 B 37 10  9  6 B 42 12  4 28 B 26 25 23  3 B 14 18  8  1 B 22 17 31 29 B 15  7 33 43 B  5 39 21 38 B 24 36 27 13 B 
44  3 35 41 C 12 33 31 20 C 17 42 36 21 C 38 11 10  7 C 43 13  5 29 C 27 26 24  4 C 15 19  9  2 C 23 18 32 30 C 16  8 34  1 C  6 40 22 39 C 25 37 28 14 C 
44  4 36 42 D 13 34 32 21 D 18 43 37 22 D 39 12 11  8 D  1 14  6 30 D 28 27 25  5 D 16 20 10  3 D 24 19 33 31 D 17  9 35  2 D  7 41 23 40 D 26 38 29 15 D 
44  5 37 43 E 14 35 33 22 E 19  1 38 23 E 40 13 12  9 E  2 15  7 31 E 29 28 26  6 E 17 21 11  4 E 25 20 34 32 E 18 10 36  3 E  8 42 24 41 E 27 39 30 16 E 
44  6 38  1 F 15 36 34 23 F 20  2 39 24 F 41 14 13 10 F  3 16  8 32 F 30 29 27  7 F 18 22 12  5 F 26 21 35 33 F 19 11 37  4 F  9 43 25 42 F 28 40 31 17 F 
44  7 39  2 G 16 37 35 24 G 21  3 40 25 G 42 15 14 11 G  4 17  9 33 G 31 30 28  8 G 19 23 13  6 G 27 22 36 34 G 20 12 38  5 G 10  1 26 43 G 29 41 32 18 G 
44  8 40  3 H 17 38 36 25 H 22  4 41 26 H 43 16 15 12 H  5 18 10 34 H 32 31 29  9 H 20 24 14  7 H 28 23 37 35 H 21 13 39  6 H 11  2 27  1 H 30 42 33 19 H 
44  9 41  4 I 18 39 37 26 I 23  5 42 27 I  1 17 16 13 I  6 19 11 35 I 33 32 30 10 I 21 25 15  8 I 29 24 38 36 I 22 14 40  7 I 12  3 28  2 I 31 43 34 20 I 
44 10 42  5 J 19 40 38 27 J 24  6 43 28 J  2 18 17 14 J  7 20 12 36 J 34 33 31 11 J 22 26 16  9 J 30 25 39 37 J 23 15 41  8 J 13  4 29  3 J 32  1 35 21 J 
44 11 43  6 K 20 41 39 28 K 25  7  1 29 K  3 19 18 15 K  8 21 13 37 K 35 34 32 12 K 23 27 17 10 K 31 26 40 38 K 24 16 42  9 K 14  5 30  4 K 33  2 36 22 K 
44 12  1  7 L 21 42 40 29 L 26  8  2 30 L  4 20 19 16 L  9 22 14 38 L 36 35 33 13 L 24 28 18 11 L 32 27 41 39 L 25 17 43 10 L 15  6 31  5 L 34  3 37 23 L 
44 13  2  8 M 22 43 41 30 M 27  9  3 31 M  5 21 20 17 M 10 23 15 39 M 37 36 34 14 M 25 29 19 12 M 33 28 42 40 M 26 18  1 11 M 16  7 32  6 M 35  4 38 24 M 
44 14  3  9 N 23  1 42 31 N 28 10  4 32 N  6 22 21 18 N 11 24 16 40 N 38 37 35 15 N 26 30 20 13 N 34 29 43 41 N 27 19  2 12 N 17  8 33  7 N 36  5 39 25 N 