45 11 15 15 1 l
12 34  3 22 A 17 37 41  9 A 25 43 26  5 A 45 16 11 19 A  1 32 40 33 A  8 20 38 10 A 39  4 36  6 A 14 15 44 35 A 21 23 27 30 A  2 42 28 24 A  7 13 18 29 A 
13 35  4 23 B 18 38 42 10 B 26 44 27  6 B  1 17 12 20 B  2 33 41 34 B  9 21 39 11 B 40  5 37  7 B 15 16 45 36 B 22 24 28 31 B  3 43 29 25 B  8 14 19 30 B 
14 36  5 24 C 19 39 43 11 C 27 45 28  7 C  2 18 13 21 C  3 34 42 35 C 10 22 40 12 C 41  6 38  8 C 16 17  1 37 C 23 25 29 32 C  4 44 30 26 C  9 15 20 31 C 
15 37  6 25 D 20 40 44 12 D 28  1 29  8 D  3 19 14 22 D  4 35 43 36 D 11 23 41 13 D 42  7 39  9 D 17 18  2 38 D 24 26 30 33 D  5 45 31 27 D 10 16 21 32 D 
16 38  7 26 E 21 41 45 13 E 29  2 30  9 E  4 20 15 23 E  5 36 44 37 E 12 24 42 14 E 43  8 40 10 E 18 19  3 39 E 25 27 31 34 E  6  1 32 28 E 11 17 22 33 E 
17 39  8 27 F 22 42  1 14 F 30  3 31 10 F  5 21 16 24 F  6 37 45 38 F 13 25 43 15 F 44  9 41 11 F 19 20  4 40 F 26 28 32 35 F  7  2 33 29 F 12 18 23 34 F 
18 40  9 28 G 23 43  2 15 G 31  4 32 11 G  6 22 17 25 G  7 38  1 39 G 14 26 44 16 G 45 10 42 12 G 20 21  5 41 G 27 29 33 36 G  8  3 34 30 G 13 19 24 35 G 
19 41 10 29 H 24 44  3 16 H 32  5 33 12 H  7 23 18 26 H  8 39  2 40 H 15 27 45 17 H  1 11 43 13 H 21 22  6 42 H 28 30 34 37 H  9  4 35 31 H 14 20 25 36 H 
20 42 11 30 I 25 45  4 17 I 33  6 34 13 I  8 24 19 27 I  9 40  3 41 I 16 28  1 18 I  2 12 44 14 I 22 23  7 43 I 29 31 35 38 I 10  5 36 32 I 15 21 26 37 I 
21 43 12 31 J 26  1  5 18 J 34  7 35 14 J  9 25 20 28 J 10 41  4 42 J 17 29  2 19 J  3 13 45 15 J 23 24  8 44 J 30 32 36 39 J 11  6 37 33 J 16 22 27 38 J 
22 44 13 32 K 27  2  6 19 K 35  8 36 15 K 10 26 21 29 K 11 42  5 43 K 18 30  3 20 K  4 14  1 16 K 24 25  9 45 K 31 33 37 40 K 12  7 38 34 K 17 23 28 39 K 
23 45 14 33 L 28  3  7 20 L 36  9 37 16 L 11 27 22 30 L 12 43  6 44 L 19 31  4 21 L  5 15  2 17 L 25 26 10  1 L 32 34 38 41 L 13  8 39 35 L 18 24 29 40 L 
24  1 15 34 M 29  4  8 21 M 37 10 38 17 M 12 28 23 31 M 13 44  7 45 M 20 32  5 22 M  6 16  3 18 M 26 27 11  2 M 33 35 39 42 M 14  9 40 36 M 19 25 30 41 M 
25  2 16 35 N 30  5  9 22 N 38 11 39 18 N 13 29 24 32 N 14 45  8  1 N 21 33  6 23 N  7 17  4 19 N 27 28 12  3 N 34 36 40 43 N 15 10 41 37 N 20 26 31 42 N 
26  3 17 36 O 31  6 10 23 O 39 12 40 19 O 14 30 25 33 O 15  1  9  2 O 22 34  7 24 O  8 18  5 20 O 28 29 13  4 O 35 37 41 44 O 16 11 42 38 O 21 27 32 43 O 