45 11 15 15 1 l
27  4 18 37 A 32  7 11 24 A 40 13 41 20 A 15 31 26 34 A 16  2 10  3 A 23 35  8 25 A  9 19  6 21 A 29 30 14  5 A 36 38 42 45 A 17 12 43 39 A 22 28 33 44 A 
28  5 19 38 B 33  8 12 25 B 41 14 42 21 B 16 32 27 35 B 17  3 11  4 B 24 36  9 26 B 10 20  7 22 B 30 31 15  6 B 37 39 43  1 B 18 13 44 40 B 23 29 34 45 B 
29  6 20 39 C 34  9 13 26 C 42 15 43 22 C 17 33 28 36 C 18  4 12  5 C 25 37 10 27 C 11 21  8 23 C 31 32 16  7 C 38 40 44  2 C 19 14 45 41 C 24 30 35  1 C 
30  7 21 40 D 35 10 14 27 D 43 16 44 23 D 18 34 29 37 D 19  5 13  6 D 26 38 11 28 D 12 22  9 24 D 32 33 17  8 D 39 41 45  3 D 20 15  1 42 D 25 31 36  2 D 
31  8 22 41 E 36 11 15 28 E 44 17 45 24 E 19 35 30 38 E 20  6 14  7 E 27 39 12 29 E 13 23 10 25 E 33 34 18  9 E 40 42  1  4 E 21 16  2 43 E 26 32 37  3 E 
32  9 23 42 F 37 12 16 29 F 45 18  1 25 F 20 36 31 39 F 21  7 15  8 F 28 40 13 30 F 14 24 11 26 F 34 35 19 10 F 41 43  2  5 F 22 17  3 44 F 27 33 38  4 F 
33 10 24 43 G 38 13 17 30 G  1 19  2 26 G 21 37 32 40 G 22  8 16  9 G 29 41 14 31 G 15 25 12 27 G 35 36 20 11 G 42 44  3  6 G 23 18  4 45 G 28 34 39  5 G 
34 11 25 44 H 39 14 18 31 H  2 20  3 27 H 22 38 33 41 H 23  9 17 10 H 30 42 15 32 H 16 26 13 28 H 36 37 21 12 H 43 45  4  7 H 24 19  5  1 H 29 35 40  6 H 
35 12 26 45 I 40 15 19 32 I  3 21  4 28 I 23 39 34 42 I 24 10 18 11 I 31 43 16 33 I 17 27 14 29 I 37 38 22 13 I 44  1  5  8 I 25 20  6  2 I 30 36 41  7 I 
36 13 27  1 J 41 16 20 33 J  4 22  5 29 J 24 40 35 43 J 25 11 19 12 J 32 44 17 34 J 18 28 15 30 J 38 39 23 14 J 45  2  6  9 J 26 21  7  3 J 31 37 42  8 J 
37 14 28  2 K 42 17 21 34 K  5 23  6 30 K 25 41 36 44 K 26 12 20 13 K 33 45 18 35 K 19 29 16 31 K 39 40 24 15 K  1  3  7 10 K 27 22  8  4 K 32 38 43  9 K 
38 15 29  3 L 43 18 22 35 L  6 24  7 31 L 26 42 37 45 L 27 13 21 14 L 34  1 19 36 L 20 30 17 32 L 40 41 25 16 L  2  4  8 11 L 28 23  9  5 L 33 39 44 10 L 
39 16 30  4 M 44 19 23 36 M  7 25  8 32 M 27 43 38  1 M 28 14 22 15 M 35  2 20 37 M 21 31 18 33 M 41 42 26 17 M  3  5  9 12 M 29 24 10  6 M 34 40 45 11 M 
40 17 31  5 N 45 20 24 37 N  8 26  9 33 N 28 44 39  2 N 29 15 23 16 N 36  3 21 38 N 22 32 19 34 N 42 43 27 18 N  4  6 10 13 N 30 25 11  7 N 35 41  1 12 N 
41 18 32  6 O  1 21 25 38 O  9 27 10 34 O 29 45 40  3 O 30 16 24 17 O 37  4 22 39 O 23 33 20 35 O 43 44 28 19 O  5  7 11 14 O 31 26 12  8 O 36 42  2 13 O 
