45 11 15 15 1 l
42 19 33  7 A  2 22 26 39 A 10 28 11 35 A 30  1 41  4 A 31 17 25 18 A 38  5 23 40 A 24 34 21 36 A 44 45 29 20 A  6  8 12 15 A 32 27 13  9 A 37 43  3 14 A 
43 20 34  8 B  3 23 27 40 B 11 29 12 36 B 31  2 42  5 B 32 18 26 19 B 39  6 24 41 B 25 35 22 37 B 45  1 30 21 B  7  9 13 16 B 33 28 14 10 B 38 44  4 15 B 
44 21 35  9 C  4 24 28 41 C 12 30 13 37 C 32  3 43  6 C 33 19 27 20 C 40  7 25 42 C 26 36 23 38 C  1  2 31 22 C  8 10 14 17 C 34 29 15 11 C 39 45  5 16 C 
45 22 36 10 D  5 25 29 42 D 13 31 14 38 D 33  4 44  7 D 34 20 28 21 D 41  8 26 43 D 27 37 24 39 D  2  3 32 23 D  9 11 15 18 D 35 30 16 12 D 40  1  6 17 D 
 1 23 37 11 E  6 26 30 43 E 14 32 15 39 E 34  5 45  8 E 35 21 29 22 E 42  9 27 44 E 28 38 25 40 E  3  4 33 24 E 10 12 16 19 E 36 31 17 13 E 41  2  7 18 E 
 2 24 38 12 F  7 27 31 44 F 15 33 16 40 F 35  6  1  9 F 36 22 30 23 F 43 10 28 45 F 29 39 26 41 F  4  5 34 25 F 11 13 17 20 F 37 32 18 14 F 42  3  8 19 F 
 3 25 39 13 G  8 28 32 45 G 16 34 17 41 G 36  7  2 10 G 37 23 31 24 G 44 11 29  1 G 30 40 27 42 G  5  6 35 26 G 12 14 18 21 G 38 33 19 15 G 43  4  9 20 G 
 4 26 40 14 H  9 29 33  1 H 17 35 18 42 H 37  8  3 11 H 38 24 32 25 H 45 12 30  2 H 31 41 28 43 H  6  7 36 27 H 13 15 19 22 H 39 34 20 16 H 44  5 10 21 H 
 5 27 41 15 I 10 30 34  2 I 18 36 19 43 I 38  9  4 12 I 39 25 33 26 I  1 13 31  3 I 32 42 29 44 I  7  8 37 28 I 14 16 20 23 I 40 35 21 17 I 45  6 11 22 I 
 6 28 42 16 J 11 31 35  3 J 19 37 20 44 J 39 10  5 13 J 40 26 34 27 J  2 14 32  4 J 33 43 30 45 J  8  9 38 29 J 15 17 21 24 J 41 36 22 18 J  1  7 12 23 J 
 7 29 43 17 K 12 32 36  4 K 20 38 21 45 K 40 11  6 14 K 41 27 35 28 K  3 15 33  5 K 34 44 31  1 K  9 10 39 30 K 16 18 22 25 K 42 37 23 19 K  2  8 13 24 K 
 8 30 44 18 L 13 33 37  5 L 21 39 22  1 L 41 12  7 15 L 42 28 36 29 L  4 16 34  6 L 35 45 32  2 L 10 11 40 31 L 17 19 23 26 L 43 38 24 20 L  3  9 14 25 L 
 9 31 45 19 M 14 34 38  6 M 22 40 23  2 M 42 13  8 16 M 43 29 37 30 M  5 17 35  7 M 36  1 33  3 M 11 12 41 32 M 18 20 24 27 M 44 39 25 21 M  4 10 15 26 M 
10 32  1 20 N 15 35 39  7 N 23 41 24  3 N 43 14  9 17 N 44 30 38 31 N  6 18 36  8 N 37  2 34  4 N 12 13 42 33 N 19 21 25 28 N 45 40 26 22 N  5 11 16 27 N 
11 33  2 21 O 16 36 40  8 O 24 42 25  4 O 44 15 10 18 O 45 31 39 32 O  7 19 37  9 O 38  3 35  5 O 13 14 43 34 O 20 22 26 29 O  1 41 27 23 O  6 12 17 28 O 