48 12 16 16 1 l
48 17 31 12 A 24  1  4 29 A 23 43 13 27 A 19 37  9 26 A  3 18 16 47 A 28 41 35 39 A 33 32  8 15 A 22 25 46 10 A  6 11  7 45 A 34 40 14  2 A 44  5 38 36 A 20 30 42 21 A 
48 18 32 13 B 25  2  5 30 B 24 44 14 28 B 20 38 10 27 B  4 19 17  1 B 29 42 36 40 B 34 33  9 16 B 23 26 47 11 B  7 12  8 46 B 35 41 15  3 B 45  6 39 37 B 21 31 43 22 B 
48 19 33 14 C 26  3  6 31 C 25 45 15 29 C 21 39 11 28 C  5 20 18  2 C 30 43 37 41 C 35 34 10 17 C 24 27  1 12 C  8 13  9 47 C 36 42 16  4 C 46  7 40 38 C 22 32 44 23 C 
48 20 34 15 D 27  4  7 32 D 26 46 16 30 D 22 40 12 29 D  6 21 19  3 D 31 44 38 42 D 36 35 11 18 D 25 28  2 13 D  9 14 10  1 D 37 43 17  5 D 47  8 41 39 D 23 33 45 24 D 
48 21 35 16 E 28  5  8 33 E 27 47 17 31 E 23 41 13 30 E  7 22 20  4 E 32 45 39 43 E 37 36 12 19 E 26 29  3 14 E 10 15 11  2 E 38 44 18  6 E  1  9 42 40 E 24 34 46 25 E 
48 22 36 17 F 29  6  9 34 F 28  1 18 32 F 24 42 14 31 F  8 23 21  5 F 33 46 40 44 F 38 37 13 20 F 27 30  4 15 F 11 16 12  3 F 39 45 19  7 F  2 10 43 41 F 25 35 47 26 F 
48 23 37 18 G 30  7 10 35 G 29  2 19 33 G 25 43 15 32 G  9 24 22  6 G 34 47 41 45 G 39 38 14 21 G 28 31  5 16 G 12 17 13  4 G 40 46 20  8 G  3 11 44 42 G 26 36  1 27 G 
48 24 38 19 H 31  8 11 36 H 30  3 20 34 H 26 44 16 33 H 10 25 23  7 H 35  1 42 46 H 40 39 15 22 H 29 32  6 17 H 13 18 14  5 H 41 47 21  9 H  4 12 45 43 H 27 37  2 28 H 
48 25 39 20 I 32  9 12 37 I 31  4 21 35 I 27 45 17 34 I 11 26 24  8 I 36  2 43 47 I 41 40 16 23 I 30 33  7 18 I 14 19 15  6 I 42  1 22 10 I  5 13 46 44 I 28 38  3 29 I 
48 26 40 21 J 33 10 13 38 J 32  5 22 36 J 28 46 18 35 J 12 27 25  9 J 37  3 44  1 J 42 41 17 24 J 31 34  8 19 J 15 20 16  7 J 43  2 23 11 J  6 14 47 45 J 29 39  4 30 J 
48 27 41 22 K 34 11 14 39 K 33  6 23 37 K 29 47 19 36 K 13 28 26 10 K 38  4 45  2 K 43 42 18 25 K 32 35  9 20 K 16 21 17  8 K 44  3 24 12 K  7 15  1 46 K 30 40  5 31 K 
48 28 42 23 L 35 12 15 40 L 34  7 24 38 L 30  1 20 37 L 14 29 27 11 L 39  5 46  3 L 44 43 19 26 L 33 36 10 21 L 17 22 18  9 L 45  4 25 13 L  8 16  2 47 L 31 41  6 32 L 
48 29 43 24 M 36 13 16 41 M 35  8 25 39 M 31  2 21 38 M 15 30 28 12 M 40  6 47  4 M 45 44 20 27 M 34 37 11 22 M 18 23 19 10 M 46  5 26 14 M  9 17  3  1 M 32 42  7 33 M 
48 30 44 25 N 37 14 17 42 N 36  9 26 40 N 32  3 22 39 N 16 31 29 13 N 41  7  1  5 N 46 45 21 28 N 35 38 12 23 N 19 24 20 11 N 47  6 27 15 N 10 18  4  2 N 33 43  8 34 N 
48 31 45 26 O 38 15 18 43 O 37 10 27 41 O 33  4 23 40 O 17 32 30 14 O 42  8  2  6 O 47 46 22 29 O 36 39 13 24 O 20 25 21 12 O  1  7 28 16 O 11 19  5  3 O 34 44  9 35 O 
48 32 46 27 P 39 16 19 44 P 38 11 28 42 P 34  5 24 41 P 18 33 31 15 P 43  9  3  7 P  1 47 23 30 P 37 40 14 25 P 21 26 22 13 P  2  8 29 17 P 12 20  6  4 P 35 45 10 36 P 