48 12 47 47 1 g
48  1 15 43  1   8 32 35 13  1   7 27 44 11  1   3 21 40 10  1  34  2 47 31  1  12 25 19 23  1  17 16 39 46  1   6  9 30 41  1  37 42 38 29  1  18 24 45 33  1  28 36 22 20  1   4 14 26  5  1  
48  2 16 44  2   9 33 36 14  2   8 28 45 12  2   4 22 41 11  2  35  3  1 32  2  13 26 20 24  2  18 17 40 47  2   7 10 31 42  2  38 43 39 30  2  19 25 46 34  2  29 37 23 21  2   5 15 27  6  2  
48  3 17 45  3  10 34 37 15  3   9 29 46 13  3   5 23 42 12  3  36  4  2 33  3  14 27 21 25  3  19 18 41  1  3   8 11 32 43  3  39 44 40 31  3  20 26 47 35  3  30 38 24 22  3   6 16 28  7  3  
48  4 18 46  4  11 35 38 16  4  10 30 47 14  4   6 24 43 13  4  37  5  3 34  4  15 28 22 26  4  20 19 42  2  4   9 12 33 44  4  40 45 41 32  4  21 27  1 36  4  31 39 25 23  4   7 17 29  8  4  
48  5 19 47  5  12 36 39 17  5  11 31  1 15  5   7 25 44 14  5  38  6  4 35  5  16 29 23 27  5  21 20 43  3  5  10 13 34 45  5  41 46 42 33  5  22 28  2 37  5  32 40 26 24  5   8 18 30  9  5  
48  6 20  1  6  13 37 40 18  6  12 32  2 16  6   8 26 45 15  6  39  7  5 36  6  17 30 24 28  6  22 21 44  4  6  11 14 35 46  6  42 47 43 34  6  23 29  3 38  6  33 41 27 25  6   9 19 31 10  6  
48  7 21  2  7  14 38 41 19  7  13 33  3 17  7   9 27 46 16  7  40  8  6 37  7  18 31 25 29  7  23 22 45  5  7  12 15 36 47  7  43  1 44 35  7  24 30  4 39  7  34 42 28 26  7  10 20 32 11  7  
48  8 22  3  8  15 39 42 20  8  14 34  4 18  8  10 28 47 17  8  41  9  7 38  8  19 32 26 30  8  24 23 46  6  8  13 16 37  1  8  44  2 45 36  8  25 31  5 40  8  35 43 29 27  8  11 21 33 12  8  
48  9 23  4  9  16 40 43 21  9  15 35  5 19  9  11 29  1 18  9  42 10  8 39  9  20 33 27 31  9  25 24 47  7  9  14 17 38  2  9  45  3 46 37  9  26 32  6 41  9  36 44 30 28  9  12 22 34 13  9  
48 10 24  5 10  17 41 44 22 10  16 36  6 20 10  12 30  2 19 10  43 11  9 40 10  21 34 28 32 10  26 25  1  8 10  15 18 39  3 10  46  4 47 38 10  27 33  7 42 10  37 45 31 29 10  13 23 35 14 10  
48 11 25  6 11  18 42 45 23 11  17 37  7 21 11  13 31  3 20 11  44 12 10 41 11  22 35 29 33 11  27 26  2  9 11  16 19 40  4 11  47  5  1 39 11  28 34  8 43 11  38 46 32 30 11  14 24 36 15 11  
48 12 26  7 12  19 43 46 24 12  18 38  8 22 12  14 32  4 21 12  45 13 11 42 12  23 36 30 34 12  28 27  3 10 12  17 20 41  5 12   1  6  2 40 12  29 35  9 44 12  39 47 33 31 12  15 25 37 16 12  
48 13 27  8 13  20 44 47 25 13  19 39  9 23 13  15 33  5 22 13  46 14 12 43 13  24 37 31 35 13  29 28  4 11 13  18 21 42  6 13   2  7  3 41 13  30 36 10 45 13  40  1 34 32 13  16 26 38 17 13  
48 14 28  9 14  21 45  1 26 14  20 40 10 24 14  16 34  6 23 14  47 15 13 44 14  25 38 32 36 14  30 29  5 12 14  19 22 43  7 14   3  8  4 42 14  31 37 11 46 14  41  2 35 33 14  17 27 39 18 14  
48 15 29 10 15  22 46  2 27 15  21 41 11 25 15  17 35  7 24 15   1 16 14 45 15  26 39 33 37 15  31 30  6 13 15  20 23 44  8 15   4  9  5 43 15  32 38 12 47 15  42  3 36 34 15  18 28 40 19 15  
48 16 30 11 16  23 47  3 28 16  22 42 12 26 16  18 36  8 25 16   2 17 15 46 16  27 40 34 38 16  32 31  7 14 16  21 24 45  9 16   5 10  6 44 16  33 39 13  1 16  43  4 37 35 16  19 29 41 20 16  
48 17 31 12 17  24  1  4 29 17  23 43 13 27 17  19 37  9 26 17   3 18 16 47 17  28 41 35 39 17  33 32  8 15 17  22 25 46 10 17   6 11  7 45 17  34 40 14  2 17  44  5 38 36 17  20 30 42 21 17  
48 18 32 13 18  25  2  5 30 18  24 44 14 28 18  20 38 10 27 18   4 19 17  1 18  29 42 36 40 18  34 33  9 16 18  23 26 47 11 18   7 12  8 46 18  35 41 15  3 18  45  6 39 37 18  21 31 43 22 18  
48 19 33 14 19  26  3  6 31 19  25 45 15 29 19  21 39 11 28 19   5 20 18  2 19  30 43 37 41 19  35 34 10 17 19  24 27  1 12 19   8 13  9 47 19  36 42 16  4 19  46  7 40 38 19  22 32 44 23 19  
48 20 34 15 20  27  4  7 32 20  26 46 16 30 20  22 40 12 29 20   6 21 19  3 20  31 44 38 42 20  36 35 11 18 20  25 28  2 13 20   9 14 10  1 20  37 43 17  5 20  47  8 41 39 20  23 33 45 24 20  
48 21 35 16 21  28  5  8 33 21  27 47 17 31 21  23 41 13 30 21   7 22 20  4 21  32 45 39 43 21  37 36 12 19 21  26 29  3 14 21  10 15 11  2 21  38 44 18  6 21   1  9 42 40 21  24 34 46 25 21  
48 22 36 17 22  29  6  9 34 22  28  1 18 32 22  24 42 14 31 22   8 23 21  5 22  33 46 40 44 22  38 37 13 20 22  27 30  4 15 22  11 16 12  3 22  39 45 19  7 22   2 10 43 41 22  25 35 47 26 22  
48 23 37 18 23  30  7 10 35 23  29  2 19 33 23  25 43 15 32 23   9 24 22  6 23  34 47 41 45 23  39 38 14 21 23  28 31  5 16 23  12 17 13  4 23  40 46 20  8 23   3 11 44 42 23  26 36  1 27 23  
48 24 38 19 24  31  8 11 36 24  30  3 20 34 24  26 44 16 33 24  10 25 23  7 24  35  1 42 46 24  40 39 15 22 24  29 32  6 17 24  13 18 14  5 24  41 47 21  9 24   4 12 45 43 24  27 37  2 28 24  
48 25 39 20 25  32  9 12 37 25  31  4 21 35 25  27 45 17 34 25  11 26 24  8 25  36  2 43 47 25  41 40 16 23 25  30 33  7 18 25  14 19 15  6 25  42  1 22 10 25   5 13 46 44 25  28 38  3 29 25  
48 26 40 21 26  33 10 13 38 26  32  5 22 36 26  28 46 18 35 26  12 27 25  9 26  37  3 44  1 26  42 41 17 24 26  31 34  8 19 26  15 20 16  7 26  43  2 23 11 26   6 14 47 45 26  29 39  4 30 26  
48 27 41 22 27  34 11 14 39 27  33  6 23 37 27  29 47 19 36 27  13 28 26 10 27  38  4 45  2 27  43 42 18 25 27  32 35  9 20 27  16 21 17  8 27  44  3 24 12 27   7 15  1 46 27  30 40  5 31 27  
48 28 42 23 28  35 12 15 40 28  34  7 24 38 28  30  1 20 37 28  14 29 27 11 28  39  5 46  3 28  44 43 19 26 28  33 36 10 21 28  17 22 18  9 28  45  4 25 13 28   8 16  2 47 28  31 41  6 32 28  
48 29 43 24 29  36 13 16 41 29  35  8 25 39 29  31  2 21 38 29  15 30 28 12 29  40  6 47  4 29  45 44 20 27 29  34 37 11 22 29  18 23 19 10 29  46  5 26 14 29   9 17  3  1 29  32 42  7 33 29  
48 30 44 25 30  37 14 17 42 30  36  9 26 40 30  32  3 22 39 30  16 31 29 13 30  41  7  1  5 30  46 45 21 28 30  35 38 12 23 30  19 24 20 11 30  47  6 27 15 30  10 18  4  2 30  33 43  8 34 30  
48 31 45 26 31  38 15 18 43 31  37 10 27 41 31  33  4 23 40 31  17 32 30 14 31  42  8  2  6 31  47 46 22 29 31  36 39 13 24 31  20 25 21 12 31   1  7 28 16 31  11 19  5  3 31  34 44  9 35 31  
48 32 46 27 32  39 16 19 44 32  38 11 28 42 32  34  5 24 41 32  18 33 31 15 32  43  9  3  7 32   1 47 23 30 32  37 40 14 25 32  21 26 22 13 32   2  8 29 17 32  12 20  6  4 32  35 45 10 36 32  
48 33 47 28 33  40 17 20 45 33  39 12 29 43 33  35  6 25 42 33  19 34 32 16 33  44 10  4  8 33   2  1 24 31 33  38 41 15 26 33  22 27 23 14 33   3  9 30 18 33  13 21  7  5 33  36 46 11 37 33  
48 34  1 29 34  41 18 21 46 34  40 13 30 44 34  36  7 26 43 34  20 35 33 17 34  45 11  5  9 34   3  2 25 32 34  39 42 16 27 34  23 28 24 15 34   4 10 31 19 34  14 22  8  6 34  37 47 12 38 34  
48 35  2 30 35  42 19 22 47 35  41 14 31 45 35  37  8 27 44 35  21 36 34 18 35  46 12  6 10 35   4  3 26 33 35  40 43 17 28 35  24 29 25 16 35   5 11 32 20 35  15 23  9  7 35  38  1 13 39 35  
48 36  3 31 36  43 20 23  1 36  42 15 32 46 36  38  9 28 45 36  22 37 35 19 36  47 13  7 11 36   5  4 27 34 36  41 44 18 29 36  25 30 26 17 36   6 12 33 21 36  16 24 10  8 36  39  2 14 40 36  
48 37  4 32 37  44 21 24  2 37  43 16 33 47 37  39 10 29 46 37  23 38 36 20 37   1 14  8 12 37   6  5 28 35 37  42 45 19 30 37  26 31 27 18 37   7 13 34 22 37  17 25 11  9 37  40  3 15 41 37  
48 38  5 33 38  45 22 25  3 38  44 17 34  1 38  40 11 30 47 38  24 39 37 21 38   2 15  9 13 38   7  6 29 36 38  43 46 20 31 38  27 32 28 19 38   8 14 35 23 38  18 26 12 10 38  41  4 16 42 38  
48 39  6 34 39  46 23 26  4 39  45 18 35  2 39  41 12 31  1 39  25 40 38 22 39   3 16 10 14 39   8  7 30 37 39  44 47 21 32 39  28 33 29 20 39   9 15 36 24 39  19 27 13 11 39  42  5 17 43 39  
48 40  7 35 40  47 24 27  5 40  46 19 36  3 40  42 13 32  2 40  26 41 39 23 40   4 17 11 15 40   9  8 31 38 40  45  1 22 33 40  29 34 30 21 40  10 16 37 25 40  20 28 14 12 40  43  6 18 44 40  
48 41  8 36 41   1 25 28  6 41  47 20 37  4 41  43 14 33  3 41  27 42 40 24 41   5 18 12 16 41  10  9 32 39 41  46  2 23 34 41  30 35 31 22 41  11 17 38 26 41  21 29 15 13 41  44  7 19 45 41  
48 42  9 37 42   2 26 29  7 42   1 21 38  5 42  44 15 34  4 42  28 43 41 25 42   6 19 13 17 42  11 10 33 40 42  47  3 24 35 42  31 36 32 23 42  12 18 39 27 42  22 30 16 14 42  45  8 20 46 42  
48 43 10 38 43   3 27 30  8 43   2 22 39  6 43  45 16 35  5 43  29 44 42 26 43   7 20 14 18 43  12 11 34 41 43   1  4 25 36 43  32 37 33 24 43  13 19 40 28 43  23 31 17 15 43  46  9 21 47 43  
48 44 11 39 44   4 28 31  9 44   3 23 40  7 44  46 17 36  6 44  30 45 43 27 44   8 21 15 19 44  13 12 35 42 44   2  5 26 37 44  33 38 34 25 44  14 20 41 29 44  24 32 18 16 44  47 10 22  1 44  
48 45 12 40 45   5 29 32 10 45   4 24 41  8 45  47 18 37  7 45  31 46 44 28 45   9 22 16 20 45  14 13 36 43 45   3  6 27 38 45  34 39 35 26 45  15 21 42 30 45  25 33 19 17 45   1 11 23  2 45  
48 46 13 41 46   6 30 33 11 46   5 25 42  9 46   1 19 38  8 46  32 47 45 29 46  10 23 17 21 46  15 14 37 44 46   4  7 28 39 46  35 40 36 27 46  16 22 43 31 46  26 34 20 18 46   2 12 24  3 46  
48 47 14 42 47   7 31 34 12 47   6 26 43 10 47   2 20 39  9 47  33  1 46 30 47  11 24 18 22 47  16 15 38 45 47   5  8 29 40 47  36 41 37 28 47  17 23 44 32 47  27 35 21 19 47   3 13 25  4 47  
