48 12 15 15 1 l
48 33 47 28 A 40 17 20 45 A 39 12 29 43 A 35  6 25 42 A 19 34 32 16 A 44 10  4  8 A  2  1 24 31 A 38 41 15 26 A 22 27 23 14 A  3  9 30 18 A 13 21  7  5 A 36 46 11 37 A 
48 34  1 29 B 41 18 21 46 B 40 13 30 44 B 36  7 26 43 B 20 35 33 17 B 45 11  5  9 B  3  2 25 32 B 39 42 16 27 B 23 28 24 15 B  4 10 31 19 B 14 22  8  6 B 37 47 12 38 B 
48 35  2 30 C 42 19 22 47 C 41 14 31 45 C 37  8 27 44 C 21 36 34 18 C 46 12  6 10 C  4  3 26 33 C 40 43 17 28 C 24 29 25 16 C  5 11 32 20 C 15 23  9  7 C 38  1 13 39 C 
48 36  3 31 D 43 20 23  1 D 42 15 32 46 D 38  9 28 45 D 22 37 35 19 D 47 13  7 11 D  5  4 27 34 D 41 44 18 29 D 25 30 26 17 D  6 12 33 21 D 16 24 10  8 D 39  2 14 40 D 
48 37  4 32 E 44 21 24  2 E 43 16 33 47 E 39 10 29 46 E 23 38 36 20 E  1 14  8 12 E  6  5 28 35 E 42 45 19 30 E 26 31 27 18 E  7 13 34 22 E 17 25 11  9 E 40  3 15 41 E 
48 38  5 33 F 45 22 25  3 F 44 17 34  1 F 40 11 30 47 F 24 39 37 21 F  2 15  9 13 F  7  6 29 36 F 43 46 20 31 F 27 32 28 19 F  8 14 35 23 F 18 26 12 10 F 41  4 16 42 F 
48 39  6 34 G 46 23 26  4 G 45 18 35  2 G 41 12 31  1 G 25 40 38 22 G  3 16 10 14 G  8  7 30 37 G 44 47 21 32 G 28 33 29 20 G  9 15 36 24 G 19 27 13 11 G 42  5 17 43 G 
48 40  7 35 H 47 24 27  5 H 46 19 36  3 H 42 13 32  2 H 26 41 39 23 H  4 17 11 15 H  9  8 31 38 H 45  1 22 33 H 29 34 30 21 H 10 16 37 25 H 20 28 14 12 H 43  6 18 44 H 
48 41  8 36 I  1 25 28  6 I 47 20 37  4 I 43 14 33  3 I 27 42 40 24 I  5 18 12 16 I 10  9 32 39 I 46  2 23 34 I 30 35 31 22 I 11 17 38 26 I 21 29 15 13 I 44  7 19 45 I 
48 42  9 37 J  2 26 29  7 J  1 21 38  5 J 44 15 34  4 J 28 43 41 25 J  6 19 13 17 J 11 10 33 40 J 47  3 24 35 J 31 36 32 23 J 12 18 39 27 J 22 30 16 14 J 45  8 20 46 J 
48 43 10 38 K  3 27 30  8 K  2 22 39  6 K 45 16 35  5 K 29 44 42 26 K  7 20 14 18 K 12 11 34 41 K  1  4 25 36 K 32 37 33 24 K 13 19 40 28 K 23 31 17 15 K 46  9 21 47 K 
48 44 11 39 L  4 28 31  9 L  3 23 40  7 L 46 17 36  6 L 30 45 43 27 L  8 21 15 19 L 13 12 35 42 L  2  5 26 37 L 33 38 34 25 L 14 20 41 29 L 24 32 18 16 L 47 10 22  1 L 
48 45 12 40 M  5 29 32 10 M  4 24 41  8 M 47 18 37  7 M 31 46 44 28 M  9 22 16 20 M 14 13 36 43 M  3  6 27 38 M 34 39 35 26 M 15 21 42 30 M 25 33 19 17 M  1 11 23  2 M 
48 46 13 41 N  6 30 33 11 N  5 25 42  9 N  1 19 38  8 N 32 47 45 29 N 10 23 17 21 N 15 14 37 44 N  4  7 28 39 N 35 40 36 27 N 16 22 43 31 N 26 34 20 18 N  2 12 24  3 N 
48 47 14 42 O  7 31 34 12 O  6 26 43 10 O  2 20 39  9 O 33  1 46 30 O 11 24 18 22 O 16 15 38 45 O  5  8 29 40 O 36 41 37 28 O 17 23 44 32 O 27 35 21 19 O  3 13 25  4 O 