48 12 16 16 1 l
48  1 15 43 A  8 32 35 13 A  7 27 44 11 A  3 21 40 10 A 34  2 47 31 A 12 25 19 23 A 17 16 39 46 A  6  9 30 41 A 37 42 38 29 A 18 24 45 33 A 28 36 22 20 A  4 14 26  5 A 
48  2 16 44 B  9 33 36 14 B  8 28 45 12 B  4 22 41 11 B 35  3  1 32 B 13 26 20 24 B 18 17 40 47 B  7 10 31 42 B 38 43 39 30 B 19 25 46 34 B 29 37 23 21 B  5 15 27  6 B 
48  3 17 45 C 10 34 37 15 C  9 29 46 13 C  5 23 42 12 C 36  4  2 33 C 14 27 21 25 C 19 18 41  1 C  8 11 32 43 C 39 44 40 31 C 20 26 47 35 C 30 38 24 22 C  6 16 28  7 C 
48  4 18 46 D 11 35 38 16 D 10 30 47 14 D  6 24 43 13 D 37  5  3 34 D 15 28 22 26 D 20 19 42  2 D  9 12 33 44 D 40 45 41 32 D 21 27  1 36 D 31 39 25 23 D  7 17 29  8 D 
48  5 19 47 E 12 36 39 17 E 11 31  1 15 E  7 25 44 14 E 38  6  4 35 E 16 29 23 27 E 21 20 43  3 E 10 13 34 45 E 41 46 42 33 E 22 28  2 37 E 32 40 26 24 E  8 18 30  9 E 
48  6 20  1 F 13 37 40 18 F 12 32  2 16 F  8 26 45 15 F 39  7  5 36 F 17 30 24 28 F 22 21 44  4 F 11 14 35 46 F 42 47 43 34 F 23 29  3 38 F 33 41 27 25 F  9 19 31 10 F 
48  7 21  2 G 14 38 41 19 G 13 33  3 17 G  9 27 46 16 G 40  8  6 37 G 18 31 25 29 G 23 22 45  5 G 12 15 36 47 G 43  1 44 35 G 24 30  4 39 G 34 42 28 26 G 10 20 32 11 G 
48  8 22  3 H 15 39 42 20 H 14 34  4 18 H 10 28 47 17 H 41  9  7 38 H 19 32 26 30 H 24 23 46  6 H 13 16 37  1 H 44  2 45 36 H 25 31  5 40 H 35 43 29 27 H 11 21 33 12 H 
48  9 23  4 I 16 40 43 21 I 15 35  5 19 I 11 29  1 18 I 42 10  8 39 I 20 33 27 31 I 25 24 47  7 I 14 17 38  2 I 45  3 46 37 I 26 32  6 41 I 36 44 30 28 I 12 22 34 13 I 
48 10 24  5 J 17 41 44 22 J 16 36  6 20 J 12 30  2 19 J 43 11  9 40 J 21 34 28 32 J 26 25  1  8 J 15 18 39  3 J 46  4 47 38 J 27 33  7 42 J 37 45 31 29 J 13 23 35 14 J 
48 11 25  6 K 18 42 45 23 K 17 37  7 21 K 13 31  3 20 K 44 12 10 41 K 22 35 29 33 K 27 26  2  9 K 16 19 40  4 K 47  5  1 39 K 28 34  8 43 K 38 46 32 30 K 14 24 36 15 K 
48 12 26  7 L 19 43 46 24 L 18 38  8 22 L 14 32  4 21 L 45 13 11 42 L 23 36 30 34 L 28 27  3 10 L 17 20 41  5 L  1  6  2 40 L 29 35  9 44 L 39 47 33 31 L 15 25 37 16 L 
48 13 27  8 M 20 44 47 25 M 19 39  9 23 M 15 33  5 22 M 46 14 12 43 M 24 37 31 35 M 29 28  4 11 M 18 21 42  6 M  2  7  3 41 M 30 36 10 45 M 40  1 34 32 M 16 26 38 17 M 
48 14 28  9 N 21 45  1 26 N 20 40 10 24 N 16 34  6 23 N 47 15 13 44 N 25 38 32 36 N 30 29  5 12 N 19 22 43  7 N  3  8  4 42 N 31 37 11 46 N 41  2 35 33 N 17 27 39 18 N 
48 15 29 10 O 22 46  2 27 O 21 41 11 25 O 17 35  7 24 O  1 16 14 45 O 26 39 33 37 O 31 30  6 13 O 20 23 44  8 O  4  9  5 43 O 32 38 12 47 O 42  3 36 34 O 18 28 40 19 O 
48 16 30 11 P 23 47  3 28 P 22 42 12 26 P 18 36  8 25 P  2 17 15 46 P 27 40 34 38 P 32 31  7 14 P 21 24 45  9 P  5 10  6 44 P 33 39 13  1 P 43  4 37 35 P 19 29 41 20 P 