49 12 12 12 1 l
 7 31  8 48 A  5 28 43 12 A 16 45 36 40 A 27 46 44 49 A 41 25 38 39 A 19 34 15 29 A 47 35 22 14 A 10 21  6 33 A 11 13 42  3 A 23 26 32  4 A 24 18 17 30 A  9  2 20 37 A 
 8 32  9 49 B  6 29 44 13 B 17 46 37 41 B 28 47 45  1 B 42 26 39 40 B 20 35 16 30 B 48 36 23 15 B 11 22  7 34 B 12 14 43  4 B 24 27 33  5 B 25 19 18 31 B 10  3 21 38 B 
 9 33 10  1 C  7 30 45 14 C 18 47 38 42 C 29 48 46  2 C 43 27 40 41 C 21 36 17 31 C 49 37 24 16 C 12 23  8 35 C 13 15 44  5 C 25 28 34  6 C 26 20 19 32 C 11  4 22 39 C 
10 34 11  2 D  8 31 46 15 D 19 48 39 43 D 30 49 47  3 D 44 28 41 42 D 22 37 18 32 D  1 38 25 17 D 13 24  9 36 D 14 16 45  6 D 26 29 35  7 D 27 21 20 33 D 12  5 23 40 D 
11 35 12  3 E  9 32 47 16 E 20 49 40 44 E 31  1 48  4 E 45 29 42 43 E 23 38 19 33 E  2 39 26 18 E 14 25 10 37 E 15 17 46  7 E 27 30 36  8 E 28 22 21 34 E 13  6 24 41 E 
12 36 13  4 F 10 33 48 17 F 21  1 41 45 F 32  2 49  5 F 46 30 43 44 F 24 39 20 34 F  3 40 27 19 F 15 26 11 38 F 16 18 47  8 F 28 31 37  9 F 29 23 22 35 F 14  7 25 42 F 
13 37 14  5 G 11 34 49 18 G 22  2 42 46 G 33  3  1  6 G 47 31 44 45 G 25 40 21 35 G  4 41 28 20 G 16 27 12 39 G 17 19 48  9 G 29 32 38 10 G 30 24 23 36 G 15  8 26 43 G 
14 38 15  6 H 12 35  1 19 H 23  3 43 47 H 34  4  2  7 H 48 32 45 46 H 26 41 22 36 H  5 42 29 21 H 17 28 13 40 H 18 20 49 10 H 30 33 39 11 H 31 25 24 37 H 16  9 27 44 H 
15 39 16  7 I 13 36  2 20 I 24  4 44 48 I 35  5  3  8 I 49 33 46 47 I 27 42 23 37 I  6 43 30 22 I 18 29 14 41 I 19 21  1 11 I 31 34 40 12 I 32 26 25 38 I 17 10 28 45 I 
16 40 17  8 J 14 37  3 21 J 25  5 45 49 J 36  6  4  9 J  1 34 47 48 J 28 43 24 38 J  7 44 31 23 J 19 30 15 42 J 20 22  2 12 J 32 35 41 13 J 33 27 26 39 J 18 11 29 46 J 
17 41 18  9 K 15 38  4 22 K 26  6 46  1 K 37  7  5 10 K  2 35 48 49 K 29 44 25 39 K  8 45 32 24 K 20 31 16 43 K 21 23  3 13 K 33 36 42 14 K 34 28 27 40 K 19 12 30 47 K 
18 42 19 10 L 16 39  5 23 L 27  7 47  2 L 38  8  6 11 L  3 36 49  1 L 30 45 26 40 L  9 46 33 25 L 21 32 17 44 L 22 24  4 14 L 34 37 43 15 L 35 29 28 41 L 20 13 31 48 L 