49 12 12 12 1 l
31  6 32 23 A 29  3 18 36 A 40 20 11 15 A  2 21 19 24 A 16 49 13 14 A 43  9 39  4 A 22 10 46 38 A 34 45 30  8 A 35 37 17 27 A 47  1  7 28 A 48 42 41  5 A 33 26 44 12 A 
32  7 33 24 B 30  4 19 37 B 41 21 12 16 B  3 22 20 25 B 17  1 14 15 B 44 10 40  5 B 23 11 47 39 B 35 46 31  9 B 36 38 18 28 B 48  2  8 29 B 49 43 42  6 B 34 27 45 13 B 
33  8 34 25 C 31  5 20 38 C 42 22 13 17 C  4 23 21 26 C 18  2 15 16 C 45 11 41  6 C 24 12 48 40 C 36 47 32 10 C 37 39 19 29 C 49  3  9 30 C  1 44 43  7 C 35 28 46 14 C 
34  9 35 26 D 32  6 21 39 D 43 23 14 18 D  5 24 22 27 D 19  3 16 17 D 46 12 42  7 D 25 13 49 41 D 37 48 33 11 D 38 40 20 30 D  1  4 10 31 D  2 45 44  8 D 36 29 47 15 D 
35 10 36 27 E 33  7 22 40 E 44 24 15 19 E  6 25 23 28 E 20  4 17 18 E 47 13 43  8 E 26 14  1 42 E 38 49 34 12 E 39 41 21 31 E  2  5 11 32 E  3 46 45  9 E 37 30 48 16 E 
36 11 37 28 F 34  8 23 41 F 45 25 16 20 F  7 26 24 29 F 21  5 18 19 F 48 14 44  9 F 27 15  2 43 F 39  1 35 13 F 40 42 22 32 F  3  6 12 33 F  4 47 46 10 F 38 31 49 17 F 
37 12 38 29 G 35  9 24 42 G 46 26 17 21 G  8 27 25 30 G 22  6 19 20 G 49 15 45 10 G 28 16  3 44 G 40  2 36 14 G 41 43 23 33 G  4  7 13 34 G  5 48 47 11 G 39 32  1 18 G 
38 13 39 30 H 36 10 25 43 H 47 27 18 22 H  9 28 26 31 H 23  7 20 21 H  1 16 46 11 H 29 17  4 45 H 41  3 37 15 H 42 44 24 34 H  5  8 14 35 H  6 49 48 12 H 40 33  2 19 H 
39 14 40 31 I 37 11 26 44 I 48 28 19 23 I 10 29 27 32 I 24  8 21 22 I  2 17 47 12 I 30 18  5 46 I 42  4 38 16 I 43 45 25 35 I  6  9 15 36 I  7  1 49 13 I 41 34  3 20 I 
40 15 41 32 J 38 12 27 45 J 49 29 20 24 J 11 30 28 33 J 25  9 22 23 J  3 18 48 13 J 31 19  6 47 J 43  5 39 17 J 44 46 26 36 J  7 10 16 37 J  8  2  1 14 J 42 35  4 21 J 
41 16 42 33 K 39 13 28 46 K  1 30 21 25 K 12 31 29 34 K 26 10 23 24 K  4 19 49 14 K 32 20  7 48 K 44  6 40 18 K 45 47 27 37 K  8 11 17 38 K  9  3  2 15 K 43 36  5 22 K 
42 17 43 34 L 40 14 29 47 L  2 31 22 26 L 13 32 30 35 L 27 11 24 25 L  5 20  1 15 L 33 21  8 49 L 45  7 41 19 L 46 48 28 38 L  9 12 18 39 L 10  4  3 16 L 44 37  6 23 L 