49 12 12 12 1 l
19 43 20 11 A 17 40  6 24 A 28  8 48  3 A 39  9  7 12 A  4 37  1  2 A 31 46 27 41 A 10 47 34 26 A 22 33 18 45 A 23 25  5 15 A 35 38 44 16 A 36 30 29 42 A 21 14 32 49 A 
20 44 21 12 B 18 41  7 25 B 29  9 49  4 B 40 10  8 13 B  5 38  2  3 B 32 47 28 42 B 11 48 35 27 B 23 34 19 46 B 24 26  6 16 B 36 39 45 17 B 37 31 30 43 B 22 15 33  1 B 
21 45 22 13 C 19 42  8 26 C 30 10  1  5 C 41 11  9 14 C  6 39  3  4 C 33 48 29 43 C 12 49 36 28 C 24 35 20 47 C 25 27  7 17 C 37 40 46 18 C 38 32 31 44 C 23 16 34  2 C 
22 46 23 14 D 20 43  9 27 D 31 11  2  6 D 42 12 10 15 D  7 40  4  5 D 34 49 30 44 D 13  1 37 29 D 25 36 21 48 D 26 28  8 18 D 38 41 47 19 D 39 33 32 45 D 24 17 35  3 D 
23 47 24 15 E 21 44 10 28 E 32 12  3  7 E 43 13 11 16 E  8 41  5  6 E 35  1 31 45 E 14  2 38 30 E 26 37 22 49 E 27 29  9 19 E 39 42 48 20 E 40 34 33 46 E 25 18 36  4 E 
24 48 25 16 F 22 45 11 29 F 33 13  4  8 F 44 14 12 17 F  9 42  6  7 F 36  2 32 46 F 15  3 39 31 F 27 38 23  1 F 28 30 10 20 F 40 43 49 21 F 41 35 34 47 F 26 19 37  5 F 
25 49 26 17 G 23 46 12 30 G 34 14  5  9 G 45 15 13 18 G 10 43  7  8 G 37  3 33 47 G 16  4 40 32 G 28 39 24  2 G 29 31 11 21 G 41 44  1 22 G 42 36 35 48 G 27 20 38  6 G 
26  1 27 18 H 24 47 13 31 H 35 15  6 10 H 46 16 14 19 H 11 44  8  9 H 38  4 34 48 H 17  5 41 33 H 29 40 25  3 H 30 32 12 22 H 42 45  2 23 H 43 37 36 49 H 28 21 39  7 H 
27  2 28 19 I 25 48 14 32 I 36 16  7 11 I 47 17 15 20 I 12 45  9 10 I 39  5 35 49 I 18  6 42 34 I 30 41 26  4 I 31 33 13 23 I 43 46  3 24 I 44 38 37  1 I 29 22 40  8 I 
28  3 29 20 J 26 49 15 33 J 37 17  8 12 J 48 18 16 21 J 13 46 10 11 J 40  6 36  1 J 19  7 43 35 J 31 42 27  5 J 32 34 14 24 J 44 47  4 25 J 45 39 38  2 J 30 23 41  9 J 
29  4 30 21 K 27  1 16 34 K 38 18  9 13 K 49 19 17 22 K 14 47 11 12 K 41  7 37  2 K 20  8 44 36 K 32 43 28  6 K 33 35 15 25 K 45 48  5 26 K 46 40 39  3 K 31 24 42 10 K 
30  5 31 22 L 28  2 17 35 L 39 19 10 14 L  1 20 18 23 L 15 48 12 13 L 42  8 38  3 L 21  9 45 37 L 33 44 29  7 L 34 36 16 26 L 46 49  6 27 L 47 41 40  4 L 32 25 43 11 L 