49 12 13 13 1 l
43 18 44 35 A 41 15 30 48 A  3 32 23 27 A 14 33 31 36 A 28 12 25 26 A  6 21  2 16 A 34 22  9  1 A 46  8 42 20 A 47 49 29 39 A 10 13 19 40 A 11  5  4 17 A 45 38  7 24 A 
44 19 45 36 B 42 16 31 49 B  4 33 24 28 B 15 34 32 37 B 29 13 26 27 B  7 22  3 17 B 35 23 10  2 B 47  9 43 21 B 48  1 30 40 B 11 14 20 41 B 12  6  5 18 B 46 39  8 25 B 
45 20 46 37 C 43 17 32  1 C  5 34 25 29 C 16 35 33 38 C 30 14 27 28 C  8 23  4 18 C 36 24 11  3 C 48 10 44 22 C 49  2 31 41 C 12 15 21 42 C 13  7  6 19 C 47 40  9 26 C 
46 21 47 38 D 44 18 33  2 D  6 35 26 30 D 17 36 34 39 D 31 15 28 29 D  9 24  5 19 D 37 25 12  4 D 49 11 45 23 D  1  3 32 42 D 13 16 22 43 D 14  8  7 20 D 48 41 10 27 D 
47 22 48 39 E 45 19 34  3 E  7 36 27 31 E 18 37 35 40 E 32 16 29 30 E 10 25  6 20 E 38 26 13  5 E  1 12 46 24 E  2  4 33 43 E 14 17 23 44 E 15  9  8 21 E 49 42 11 28 E 
48 23 49 40 F 46 20 35  4 F  8 37 28 32 F 19 38 36 41 F 33 17 30 31 F 11 26  7 21 F 39 27 14  6 F  2 13 47 25 F  3  5 34 44 F 15 18 24 45 F 16 10  9 22 F  1 43 12 29 F 
49 24  1 41 G 47 21 36  5 G  9 38 29 33 G 20 39 37 42 G 34 18 31 32 G 12 27  8 22 G 40 28 15  7 G  3 14 48 26 G  4  6 35 45 G 16 19 25 46 G 17 11 10 23 G  2 44 13 30 G 
 1 25  2 42 H 48 22 37  6 H 10 39 30 34 H 21 40 38 43 H 35 19 32 33 H 13 28  9 23 H 41 29 16  8 H  4 15 49 27 H  5  7 36 46 H 17 20 26 47 H 18 12 11 24 H  3 45 14 31 H 
 2 26  3 43 I 49 23 38  7 I 11 40 31 35 I 22 41 39 44 I 36 20 33 34 I 14 29 10 24 I 42 30 17  9 I  5 16  1 28 I  6  8 37 47 I 18 21 27 48 I 19 13 12 25 I  4 46 15 32 I 
 3 27  4 44 J  1 24 39  8 J 12 41 32 36 J 23 42 40 45 J 37 21 34 35 J 15 30 11 25 J 43 31 18 10 J  6 17  2 29 J  7  9 38 48 J 19 22 28 49 J 20 14 13 26 J  5 47 16 33 J 
 4 28  5 45 K  2 25 40  9 K 13 42 33 37 K 24 43 41 46 K 38 22 35 36 K 16 31 12 26 K 44 32 19 11 K  7 18  3 30 K  8 10 39 49 K 20 23 29  1 K 21 15 14 27 K  6 48 17 34 K 
 5 29  6 46 L  3 26 41 10 L 14 43 34 38 L 25 44 42 47 L 39 23 36 37 L 17 32 13 27 L 45 33 20 12 L  8 19  4 31 L  9 11 40  1 L 21 24 30  2 L 22 16 15 28 L  7 49 18 35 L 
 6 30  7 47 M  4 27 42 11 M 15 44 35 39 M 26 45 43 48 M 40 24 37 38 M 18 33 14 28 M 46 34 21 13 M  9 20  5 32 M 10 12 41  2 M 22 25 31  3 M 23 17 16 29 M  8  1 19 36 M 