52 13 12 12 1 l
52 40  5 23 A 48 21 26 24 A 51 28 42 16 A 34 14 44 15 A 37 18  8 49 A  1 36 41 50 A 47 11  3 17 A  7 19 39 45 A 31 20 22 35 A 10  9 13 43 A  6  2 46 29 A 25 32 33 38 A 12  4 30 27 A 
52 41  6 24 B 49 22 27 25 B  1 29 43 17 B 35 15 45 16 B 38 19  9 50 B  2 37 42 51 B 48 12  4 18 B  8 20 40 46 B 32 21 23 36 B 11 10 14 44 B  7  3 47 30 B 26 33 34 39 B 13  5 31 28 B 
52 42  7 25 C 50 23 28 26 C  2 30 44 18 C 36 16 46 17 C 39 20 10 51 C  3 38 43  1 C 49 13  5 19 C  9 21 41 47 C 33 22 24 37 C 12 11 15 45 C  8  4 48 31 C 27 34 35 40 C 14  6 32 29 C 
52 43  8 26 D 51 24 29 27 D  3 31 45 19 D 37 17 47 18 D 40 21 11  1 D  4 39 44  2 D 50 14  6 20 D 10 22 42 48 D 34 23 25 38 D 13 12 16 46 D  9  5 49 32 D 28 35 36 41 D 15  7 33 30 D 
52 44  9 27 E  1 25 30 28 E  4 32 46 20 E 38 18 48 19 E 41 22 12  2 E  5 40 45  3 E 51 15  7 21 E 11 23 43 49 E 35 24 26 39 E 14 13 17 47 E 10  6 50 33 E 29 36 37 42 E 16  8 34 31 E 
52 45 10 28 F  2 26 31 29 F  5 33 47 21 F 39 19 49 20 F 42 23 13  3 F  6 41 46  4 F  1 16  8 22 F 12 24 44 50 F 36 25 27 40 F 15 14 18 48 F 11  7 51 34 F 30 37 38 43 F 17  9 35 32 F 
52 46 11 29 G  3 27 32 30 G  6 34 48 22 G 40 20 50 21 G 43 24 14  4 G  7 42 47  5 G  2 17  9 23 G 13 25 45 51 G 37 26 28 41 G 16 15 19 49 G 12  8  1 35 G 31 38 39 44 G 18 10 36 33 G 
52 47 12 30 H  4 28 33 31 H  7 35 49 23 H 41 21 51 22 H 44 25 15  5 H  8 43 48  6 H  3 18 10 24 H 14 26 46  1 H 38 27 29 42 H 17 16 20 50 H 13  9  2 36 H 32 39 40 45 H 19 11 37 34 H 
52 48 13 31 I  5 29 34 32 I  8 36 50 24 I 42 22  1 23 I 45 26 16  6 I  9 44 49  7 I  4 19 11 25 I 15 27 47  2 I 39 28 30 43 I 18 17 21 51 I 14 10  3 37 I 33 40 41 46 I 20 12 38 35 I 
52 49 14 32 J  6 30 35 33 J  9 37 51 25 J 43 23  2 24 J 46 27 17  7 J 10 45 50  8 J  5 20 12 26 J 16 28 48  3 J 40 29 31 44 J 19 18 22  1 J 15 11  4 38 J 34 41 42 47 J 21 13 39 36 J 
52 50 15 33 K  7 31 36 34 K 10 38  1 26 K 44 24  3 25 K 47 28 18  8 K 11 46 51  9 K  6 21 13 27 K 17 29 49  4 K 41 30 32 45 K 20 19 23  2 K 16 12  5 39 K 35 42 43 48 K 22 14 40 37 K 
52 51 16 34 L  8 32 37 35 L 11 39  2 27 L 45 25  4 26 L 48 29 19  9 L 12 47  1 10 L  7 22 14 28 L 18 30 50  5 L 42 31 33 46 L 21 20 24  3 L 17 13  6 40 L 36 43 44 49 L 23 15 41 38 L 