52 13 13 13 1 l
52 14 30 48 A 22 46 51 49 A 25  2 16 41 A  8 39 18 40 A 11 43 33 23 A 26 10 15 24 A 21 36 28 42 A 32 44 13 19 A  5 45 47  9 A 35 34 38 17 A 31 27 20  3 A 50  6  7 12 A 37 29  4  1 A 
52 15 31 49 B 23 47  1 50 B 26  3 17 42 B  9 40 19 41 B 12 44 34 24 B 27 11 16 25 B 22 37 29 43 B 33 45 14 20 B  6 46 48 10 B 36 35 39 18 B 32 28 21  4 B 51  7  8 13 B 38 30  5  2 B 
52 16 32 50 C 24 48  2 51 C 27  4 18 43 C 10 41 20 42 C 13 45 35 25 C 28 12 17 26 C 23 38 30 44 C 34 46 15 21 C  7 47 49 11 C 37 36 40 19 C 33 29 22  5 C  1  8  9 14 C 39 31  6  3 C 
52 17 33 51 D 25 49  3  1 D 28  5 19 44 D 11 42 21 43 D 14 46 36 26 D 29 13 18 27 D 24 39 31 45 D 35 47 16 22 D  8 48 50 12 D 38 37 41 20 D 34 30 23  6 D  2  9 10 15 D 40 32  7  4 D 
52 18 34  1 E 26 50  4  2 E 29  6 20 45 E 12 43 22 44 E 15 47 37 27 E 30 14 19 28 E 25 40 32 46 E 36 48 17 23 E  9 49 51 13 E 39 38 42 21 E 35 31 24  7 E  3 10 11 16 E 41 33  8  5 E 
52 19 35  2 F 27 51  5  3 F 30  7 21 46 F 13 44 23 45 F 16 48 38 28 F 31 15 20 29 F 26 41 33 47 F 37 49 18 24 F 10 50  1 14 F 40 39 43 22 F 36 32 25  8 F  4 11 12 17 F 42 34  9  6 F 
52 20 36  3 G 28  1  6  4 G 31  8 22 47 G 14 45 24 46 G 17 49 39 29 G 32 16 21 30 G 27 42 34 48 G 38 50 19 25 G 11 51  2 15 G 41 40 44 23 G 37 33 26  9 G  5 12 13 18 G 43 35 10  7 G 
52 21 37  4 H 29  2  7  5 H 32  9 23 48 H 15 46 25 47 H 18 50 40 30 H 33 17 22 31 H 28 43 35 49 H 39 51 20 26 H 12  1  3 16 H 42 41 45 24 H 38 34 27 10 H  6 13 14 19 H 44 36 11  8 H 
52 22 38  5 I 30  3  8  6 I 33 10 24 49 I 16 47 26 48 I 19 51 41 31 I 34 18 23 32 I 29 44 36 50 I 40  1 21 27 I 13  2  4 17 I 43 42 46 25 I 39 35 28 11 I  7 14 15 20 I 45 37 12  9 I 
52 23 39  6 J 31  4  9  7 J 34 11 25 50 J 17 48 27 49 J 20  1 42 32 J 35 19 24 33 J 30 45 37 51 J 41  2 22 28 J 14  3  5 18 J 44 43 47 26 J 40 36 29 12 J  8 15 16 21 J 46 38 13 10 J 
52 24 40  7 K 32  5 10  8 K 35 12 26 51 K 18 49 28 50 K 21  2 43 33 K 36 20 25 34 K 31 46 38  1 K 42  3 23 29 K 15  4  6 19 K 45 44 48 27 K 41 37 30 13 K  9 16 17 22 K 47 39 14 11 K 
52 25 41  8 L 33  6 11  9 L 36 13 27  1 L 19 50 29 51 L 22  3 44 34 L 37 21 26 35 L 32 47 39  2 L 43  4 24 30 L 16  5  7 20 L 46 45 49 28 L 42 38 31 14 L 10 17 18 23 L 48 40 15 12 L 
52 26 42  9 M 34  7 12 10 M 37 14 28  2 M 20 51 30  1 M 23  4 45 35 M 38 22 27 36 M 33 48 40  3 M 44  5 25 31 M 17  6  8 21 M 47 46 50 29 M 43 39 32 15 M 11 18 19 24 M 49 41 16 13 M 