52 13 13 13 1 l
52 27 43 10 A 35  8 13 11 A 38 15 29  3 A 21  1 31  2 A 24  5 46 36 A 39 23 28 37 A 34 49 41  4 A 45  6 26 32 A 18  7  9 22 A 48 47 51 30 A 44 40 33 16 A 12 19 20 25 A 50 42 17 14 A 
52 28 44 11 B 36  9 14 12 B 39 16 30  4 B 22  2 32  3 B 25  6 47 37 B 40 24 29 38 B 35 50 42  5 B 46  7 27 33 B 19  8 10 23 B 49 48  1 31 B 45 41 34 17 B 13 20 21 26 B 51 43 18 15 B 
52 29 45 12 C 37 10 15 13 C 40 17 31  5 C 23  3 33  4 C 26  7 48 38 C 41 25 30 39 C 36 51 43  6 C 47  8 28 34 C 20  9 11 24 C 50 49  2 32 C 46 42 35 18 C 14 21 22 27 C  1 44 19 16 C 
52 30 46 13 D 38 11 16 14 D 41 18 32  6 D 24  4 34  5 D 27  8 49 39 D 42 26 31 40 D 37  1 44  7 D 48  9 29 35 D 21 10 12 25 D 51 50  3 33 D 47 43 36 19 D 15 22 23 28 D  2 45 20 17 D 
52 31 47 14 E 39 12 17 15 E 42 19 33  7 E 25  5 35  6 E 28  9 50 40 E 43 27 32 41 E 38  2 45  8 E 49 10 30 36 E 22 11 13 26 E  1 51  4 34 E 48 44 37 20 E 16 23 24 29 E  3 46 21 18 E 
52 32 48 15 F 40 13 18 16 F 43 20 34  8 F 26  6 36  7 F 29 10 51 41 F 44 28 33 42 F 39  3 46  9 F 50 11 31 37 F 23 12 14 27 F  2  1  5 35 F 49 45 38 21 F 17 24 25 30 F  4 47 22 19 F 
52 33 49 16 G 41 14 19 17 G 44 21 35  9 G 27  7 37  8 G 30 11  1 42 G 45 29 34 43 G 40  4 47 10 G 51 12 32 38 G 24 13 15 28 G  3  2  6 36 G 50 46 39 22 G 18 25 26 31 G  5 48 23 20 G 
52 34 50 17 H 42 15 20 18 H 45 22 36 10 H 28  8 38  9 H 31 12  2 43 H 46 30 35 44 H 41  5 48 11 H  1 13 33 39 H 25 14 16 29 H  4  3  7 37 H 51 47 40 23 H 19 26 27 32 H  6 49 24 21 H 
52 35 51 18 I 43 16 21 19 I 46 23 37 11 I 29  9 39 10 I 32 13  3 44 I 47 31 36 45 I 42  6 49 12 I  2 14 34 40 I 26 15 17 30 I  5  4  8 38 I  1 48 41 24 I 20 27 28 33 I  7 50 25 22 I 
52 36  1 19 J 44 17 22 20 J 47 24 38 12 J 30 10 40 11 J 33 14  4 45 J 48 32 37 46 J 43  7 50 13 J  3 15 35 41 J 27 16 18 31 J  6  5  9 39 J  2 49 42 25 J 21 28 29 34 J  8 51 26 23 J 
52 37  2 20 K 45 18 23 21 K 48 25 39 13 K 31 11 41 12 K 34 15  5 46 K 49 33 38 47 K 44  8 51 14 K  4 16 36 42 K 28 17 19 32 K  7  6 10 40 K  3 50 43 26 K 22 29 30 35 K  9  1 27 24 K 
52 38  3 21 L 46 19 24 22 L 49 26 40 14 L 32 12 42 13 L 35 16  6 47 L 50 34 39 48 L 45  9  1 15 L  5 17 37 43 L 29 18 20 33 L  8  7 11 41 L  4 51 44 27 L 23 30 31 36 L 10  2 28 25 L 
52 39  4 22 M 47 20 25 23 M 50 27 41 15 M 33 13 43 14 M 36 17  7 48 M 51 35 40 49 M 46 10  2 16 M  6 18 38 44 M 30 19 21 34 M  9  8 12 42 M  5  1 45 28 M 24 31 32 37 M 11  3 29 26 M 