52 13 13 13 1 l
52  1 17 35 A  9 33 38 36 A 12 40  3 28 A 46 26  5 27 A 49 30 20 10 A 13 48  2 11 A  8 23 15 29 A 19 31 51  6 A 43 32 34 47 A 22 21 25  4 A 18 14  7 41 A 37 44 45 50 A 24 16 42 39 A 
52  2 18 36 B 10 34 39 37 B 13 41  4 29 B 47 27  6 28 B 50 31 21 11 B 14 49  3 12 B  9 24 16 30 B 20 32  1  7 B 44 33 35 48 B 23 22 26  5 B 19 15  8 42 B 38 45 46 51 B 25 17 43 40 B 
52  3 19 37 C 11 35 40 38 C 14 42  5 30 C 48 28  7 29 C 51 32 22 12 C 15 50  4 13 C 10 25 17 31 C 21 33  2  8 C 45 34 36 49 C 24 23 27  6 C 20 16  9 43 C 39 46 47  1 C 26 18 44 41 C 
52  4 20 38 D 12 36 41 39 D 15 43  6 31 D 49 29  8 30 D  1 33 23 13 D 16 51  5 14 D 11 26 18 32 D 22 34  3  9 D 46 35 37 50 D 25 24 28  7 D 21 17 10 44 D 40 47 48  2 D 27 19 45 42 D 
52  5 21 39 E 13 37 42 40 E 16 44  7 32 E 50 30  9 31 E  2 34 24 14 E 17  1  6 15 E 12 27 19 33 E 23 35  4 10 E 47 36 38 51 E 26 25 29  8 E 22 18 11 45 E 41 48 49  3 E 28 20 46 43 E 
52  6 22 40 F 14 38 43 41 F 17 45  8 33 F 51 31 10 32 F  3 35 25 15 F 18  2  7 16 F 13 28 20 34 F 24 36  5 11 F 48 37 39  1 F 27 26 30  9 F 23 19 12 46 F 42 49 50  4 F 29 21 47 44 F 
52  7 23 41 G 15 39 44 42 G 18 46  9 34 G  1 32 11 33 G  4 36 26 16 G 19  3  8 17 G 14 29 21 35 G 25 37  6 12 G 49 38 40  2 G 28 27 31 10 G 24 20 13 47 G 43 50 51  5 G 30 22 48 45 G 
52  8 24 42 H 16 40 45 43 H 19 47 10 35 H  2 33 12 34 H  5 37 27 17 H 20  4  9 18 H 15 30 22 36 H 26 38  7 13 H 50 39 41  3 H 29 28 32 11 H 25 21 14 48 H 44 51  1  6 H 31 23 49 46 H 
52  9 25 43 I 17 41 46 44 I 20 48 11 36 I  3 34 13 35 I  6 38 28 18 I 21  5 10 19 I 16 31 23 37 I 27 39  8 14 I 51 40 42  4 I 30 29 33 12 I 26 22 15 49 I 45  1  2  7 I 32 24 50 47 I 
52 10 26 44 J 18 42 47 45 J 21 49 12 37 J  4 35 14 36 J  7 39 29 19 J 22  6 11 20 J 17 32 24 38 J 28 40  9 15 J  1 41 43  5 J 31 30 34 13 J 27 23 16 50 J 46  2  3  8 J 33 25 51 48 J 
52 11 27 45 K 19 43 48 46 K 22 50 13 38 K  5 36 15 37 K  8 40 30 20 K 23  7 12 21 K 18 33 25 39 K 29 41 10 16 K  2 42 44  6 K 32 31 35 14 K 28 24 17 51 K 47  3  4  9 K 34 26  1 49 K 
52 12 28 46 L 20 44 49 47 L 23 51 14 39 L  6 37 16 38 L  9 41 31 21 L 24  8 13 22 L 19 34 26 40 L 30 42 11 17 L  3 43 45  7 L 33 32 36 15 L 29 25 18  1 L 48  4  5 10 L 35 27  2 50 L 
52 13 29 47 M 21 45 50 48 M 24  1 15 40 M  7 38 17 39 M 10 42 32 22 M 25  9 14 23 M 20 35 27 41 M 31 43 12 18 M  4 44 46  8 M 34 33 37 16 M 30 26 19  2 M 49  5  6 11 M 36 28  3 51 M 