53 13 53 53 1 g
 2 12  3 35  1  17 18 33 15  1  45  8 36 13  1  16  7 31 34  1  29 44  4 52  1  25 53 49 22  1  14 38 27 19  1  50 10 46 24  1  43 39 32 51  1  37 26 20  6  1  47 30 40 28  1  48 41 42  9  1  11  5 21 23  1  
 3 13  4 36  2  18 19 34 16  2  46  9 37 14  2  17  8 32 35  2  30 45  5 53  2  26  1 50 23  2  15 39 28 20  2  51 11 47 25  2  44 40 33 52  2  38 27 21  7  2  48 31 41 29  2  49 42 43 10  2  12  6 22 24  2  
 4 14  5 37  3  19 20 35 17  3  47 10 38 15  3  18  9 33 36  3  31 46  6  1  3  27  2 51 24  3  16 40 29 21  3  52 12 48 26  3  45 41 34 53  3  39 28 22  8  3  49 32 42 30  3  50 43 44 11  3  13  7 23 25  3  
 5 15  6 38  4  20 21 36 18  4  48 11 39 16  4  19 10 34 37  4  32 47  7  2  4  28  3 52 25  4  17 41 30 22  4  53 13 49 27  4  46 42 35  1  4  40 29 23  9  4  50 33 43 31  4  51 44 45 12  4  14  8 24 26  4  
 6 16  7 39  5  21 22 37 19  5  49 12 40 17  5  20 11 35 38  5  33 48  8  3  5  29  4 53 26  5  18 42 31 23  5   1 14 50 28  5  47 43 36  2  5  41 30 24 10  5  51 34 44 32  5  52 45 46 13  5  15  9 25 27  5  
 7 17  8 40  6  22 23 38 20  6  50 13 41 18  6  21 12 36 39  6  34 49  9  4  6  30  5  1 27  6  19 43 32 24  6   2 15 51 29  6  48 44 37  3  6  42 31 25 11  6  52 35 45 33  6  53 46 47 14  6  16 10 26 28  6  
 8 18  9 41  7  23 24 39 21  7  51 14 42 19  7  22 13 37 40  7  35 50 10  5  7  31  6  2 28  7  20 44 33 25  7   3 16 52 30  7  49 45 38  4  7  43 32 26 12  7  53 36 46 34  7   1 47 48 15  7  17 11 27 29  7  
 9 19 10 42  8  24 25 40 22  8  52 15 43 20  8  23 14 38 41  8  36 51 11  6  8  32  7  3 29  8  21 45 34 26  8   4 17 53 31  8  50 46 39  5  8  44 33 27 13  8   1 37 47 35  8   2 48 49 16  8  18 12 28 30  8  
10 20 11 43  9  25 26 41 23  9  53 16 44 21  9  24 15 39 42  9  37 52 12  7  9  33  8  4 30  9  22 46 35 27  9   5 18  1 32  9  51 47 40  6  9  45 34 28 14  9   2 38 48 36  9   3 49 50 17  9  19 13 29 31  9  
11 21 12 44 10  26 27 42 24 10   1 17 45 22 10  25 16 40 43 10  38 53 13  8 10  34  9  5 31 10  23 47 36 28 10   6 19  2 33 10  52 48 41  7 10  46 35 29 15 10   3 39 49 37 10   4 50 51 18 10  20 14 30 32 10  
12 22 13 45 11  27 28 43 25 11   2 18 46 23 11  26 17 41 44 11  39  1 14  9 11  35 10  6 32 11  24 48 37 29 11   7 20  3 34 11  53 49 42  8 11  47 36 30 16 11   4 40 50 38 11   5 51 52 19 11  21 15 31 33 11  
13 23 14 46 12  28 29 44 26 12   3 19 47 24 12  27 18 42 45 12  40  2 15 10 12  36 11  7 33 12  25 49 38 30 12   8 21  4 35 12   1 50 43  9 12  48 37 31 17 12   5 41 51 39 12   6 52 53 20 12  22 16 32 34 12  
14 24 15 47 13  29 30 45 27 13   4 20 48 25 13  28 19 43 46 13  41  3 16 11 13  37 12  8 34 13  26 50 39 31 13   9 22  5 36 13   2 51 44 10 13  49 38 32 18 13   6 42 52 40 13   7 53  1 21 13  23 17 33 35 13  
15 25 16 48 14  30 31 46 28 14   5 21 49 26 14  29 20 44 47 14  42  4 17 12 14  38 13  9 35 14  27 51 40 32 14  10 23  6 37 14   3 52 45 11 14  50 39 33 19 14   7 43 53 41 14   8  1  2 22 14  24 18 34 36 14  
16 26 17 49 15  31 32 47 29 15   6 22 50 27 15  30 21 45 48 15  43  5 18 13 15  39 14 10 36 15  28 52 41 33 15  11 24  7 38 15   4 53 46 12 15  51 40 34 20 15   8 44  1 42 15   9  2  3 23 15  25 19 35 37 15  
17 27 18 50 16  32 33 48 30 16   7 23 51 28 16  31 22 46 49 16  44  6 19 14 16  40 15 11 37 16  29 53 42 34 16  12 25  8 39 16   5  1 47 13 16  52 41 35 21 16   9 45  2 43 16  10  3  4 24 16  26 20 36 38 16  
18 28 19 51 17  33 34 49 31 17   8 24 52 29 17  32 23 47 50 17  45  7 20 15 17  41 16 12 38 17  30  1 43 35 17  13 26  9 40 17   6  2 48 14 17  53 42 36 22 17  10 46  3 44 17  11  4  5 25 17  27 21 37 39 17  
19 29 20 52 18  34 35 50 32 18   9 25 53 30 18  33 24 48 51 18  46  8 21 16 18  42 17 13 39 18  31  2 44 36 18  14 27 10 41 18   7  3 49 15 18   1 43 37 23 18  11 47  4 45 18  12  5  6 26 18  28 22 38 40 18  
20 30 21 53 19  35 36 51 33 19  10 26  1 31 19  34 25 49 52 19  47  9 22 17 19  43 18 14 40 19  32  3 45 37 19  15 28 11 42 19   8  4 50 16 19   2 44 38 24 19  12 48  5 46 19  13  6  7 27 19  29 23 39 41 19  
21 31 22  1 20  36 37 52 34 20  11 27  2 32 20  35 26 50 53 20  48 10 23 18 20  44 19 15 41 20  33  4 46 38 20  16 29 12 43 20   9  5 51 17 20   3 45 39 25 20  13 49  6 47 20  14  7  8 28 20  30 24 40 42 20  
22 32 23  2 21  37 38 53 35 21  12 28  3 33 21  36 27 51  1 21  49 11 24 19 21  45 20 16 42 21  34  5 47 39 21  17 30 13 44 21  10  6 52 18 21   4 46 40 26 21  14 50  7 48 21  15  8  9 29 21  31 25 41 43 21  
23 33 24  3 22  38 39  1 36 22  13 29  4 34 22  37 28 52  2 22  50 12 25 20 22  46 21 17 43 22  35  6 48 40 22  18 31 14 45 22  11  7 53 19 22   5 47 41 27 22  15 51  8 49 22  16  9 10 30 22  32 26 42 44 22  
24 34 25  4 23  39 40  2 37 23  14 30  5 35 23  38 29 53  3 23  51 13 26 21 23  47 22 18 44 23  36  7 49 41 23  19 32 15 46 23  12  8  1 20 23   6 48 42 28 23  16 52  9 50 23  17 10 11 31 23  33 27 43 45 23  
25 35 26  5 24  40 41  3 38 24  15 31  6 36 24  39 30  1  4 24  52 14 27 22 24  48 23 19 45 24  37  8 50 42 24  20 33 16 47 24  13  9  2 21 24   7 49 43 29 24  17 53 10 51 24  18 11 12 32 24  34 28 44 46 24  
26 36 27  6 25  41 42  4 39 25  16 32  7 37 25  40 31  2  5 25  53 15 28 23 25  49 24 20 46 25  38  9 51 43 25  21 34 17 48 25  14 10  3 22 25   8 50 44 30 25  18  1 11 52 25  19 12 13 33 25  35 29 45 47 25  
27 37 28  7 26  42 43  5 40 26  17 33  8 38 26  41 32  3  6 26   1 16 29 24 26  50 25 21 47 26  39 10 52 44 26  22 35 18 49 26  15 11  4 23 26   9 51 45 31 26  19  2 12 53 26  20 13 14 34 26  36 30 46 48 26  
28 38 29  8 27  43 44  6 41 27  18 34  9 39 27  42 33  4  7 27   2 17 30 25 27  51 26 22 48 27  40 11 53 45 27  23 36 19 50 27  16 12  5 24 27  10 52 46 32 27  20  3 13  1 27  21 14 15 35 27  37 31 47 49 27  
29 39 30  9 28  44 45  7 42 28  19 35 10 40 28  43 34  5  8 28   3 18 31 26 28  52 27 23 49 28  41 12  1 46 28  24 37 20 51 28  17 13  6 25 28  11 53 47 33 28  21  4 14  2 28  22 15 16 36 28  38 32 48 50 28  
30 40 31 10 29  45 46  8 43 29  20 36 11 41 29  44 35  6  9 29   4 19 32 27 29  53 28 24 50 29  42 13  2 47 29  25 38 21 52 29  18 14  7 26 29  12  1 48 34 29  22  5 15  3 29  23 16 17 37 29  39 33 49 51 29  
31 41 32 11 30  46 47  9 44 30  21 37 12 42 30  45 36  7 10 30   5 20 33 28 30   1 29 25 51 30  43 14  3 48 30  26 39 22 53 30  19 15  8 27 30  13  2 49 35 30  23  6 16  4 30  24 17 18 38 30  40 34 50 52 30  
32 42 33 12 31  47 48 10 45 31  22 38 13 43 31  46 37  8 11 31   6 21 34 29 31   2 30 26 52 31  44 15  4 49 31  27 40 23  1 31  20 16  9 28 31  14  3 50 36 31  24  7 17  5 31  25 18 19 39 31  41 35 51 53 31  
33 43 34 13 32  48 49 11 46 32  23 39 14 44 32  47 38  9 12 32   7 22 35 30 32   3 31 27 53 32  45 16  5 50 32  28 41 24  2 32  21 17 10 29 32  15  4 51 37 32  25  8 18  6 32  26 19 20 40 32  42 36 52  1 32  
34 44 35 14 33  49 50 12 47 33  24 40 15 45 33  48 39 10 13 33   8 23 36 31 33   4 32 28  1 33  46 17  6 51 33  29 42 25  3 33  22 18 11 30 33  16  5 52 38 33  26  9 19  7 33  27 20 21 41 33  43 37 53  2 33  
35 45 36 15 34  50 51 13 48 34  25 41 16 46 34  49 40 11 14 34   9 24 37 32 34   5 33 29  2 34  47 18  7 52 34  30 43 26  4 34  23 19 12 31 34  17  6 53 39 34  27 10 20  8 34  28 21 22 42 34  44 38  1  3 34  
36 46 37 16 35  51 52 14 49 35  26 42 17 47 35  50 41 12 15 35  10 25 38 33 35   6 34 30  3 35  48 19  8 53 35  31 44 27  5 35  24 20 13 32 35  18  7  1 40 35  28 11 21  9 35  29 22 23 43 35  45 39  2  4 35  
37 47 38 17 36  52 53 15 50 36  27 43 18 48 36  51 42 13 16 36  11 26 39 34 36   7 35 31  4 36  49 20  9  1 36  32 45 28  6 36  25 21 14 33 36  19  8  2 41 36  29 12 22 10 36  30 23 24 44 36  46 40  3  5 36  
38 48 39 18 37  53  1 16 51 37  28 44 19 49 37  52 43 14 17 37  12 27 40 35 37   8 36 32  5 37  50 21 10  2 37  33 46 29  7 37  26 22 15 34 37  20  9  3 42 37  30 13 23 11 37  31 24 25 45 37  47 41  4  6 37  
39 49 40 19 38   1  2 17 52 38  29 45 20 50 38  53 44 15 18 38  13 28 41 36 38   9 37 33  6 38  51 22 11  3 38  34 47 30  8 38  27 23 16 35 38  21 10  4 43 38  31 14 24 12 38  32 25 26 46 38  48 42  5  7 38  
40 50 41 20 39   2  3 18 53 39  30 46 21 51 39   1 45 16 19 39  14 29 42 37 39  10 38 34  7 39  52 23 12  4 39  35 48 31  9 39  28 24 17 36 39  22 11  5 44 39  32 15 25 13 39  33 26 27 47 39  49 43  6  8 39  
41 51 42 21 40   3  4 19  1 40  31 47 22 52 40   2 46 17 20 40  15 30 43 38 40  11 39 35  8 40  53 24 13  5 40  36 49 32 10 40  29 25 18 37 40  23 12  6 45 40  33 16 26 14 40  34 27 28 48 40  50 44  7  9 40  
42 52 43 22 41   4  5 20  2 41  32 48 23 53 41   3 47 18 21 41  16 31 44 39 41  12 40 36  9 41   1 25 14  6 41  37 50 33 11 41  30 26 19 38 41  24 13  7 46 41  34 17 27 15 41  35 28 29 49 41  51 45  8 10 41  
43 53 44 23 42   5  6 21  3 42  33 49 24  1 42   4 48 19 22 42  17 32 45 40 42  13 41 37 10 42   2 26 15  7 42  38 51 34 12 42  31 27 20 39 42  25 14  8 47 42  35 18 28 16 42  36 29 30 50 42  52 46  9 11 42  
44  1 45 24 43   6  7 22  4 43  34 50 25  2 43   5 49 20 23 43  18 33 46 41 43  14 42 38 11 43   3 27 16  8 43  39 52 35 13 43  32 28 21 40 43  26 15  9 48 43  36 19 29 17 43  37 30 31 51 43  53 47 10 12 43  
45  2 46 25 44   7  8 23  5 44  35 51 26  3 44   6 50 21 24 44  19 34 47 42 44  15 43 39 12 44   4 28 17  9 44  40 53 36 14 44  33 29 22 41 44  27 16 10 49 44  37 20 30 18 44  38 31 32 52 44   1 48 11 13 44  
46  3 47 26 45   8  9 24  6 45  36 52 27  4 45   7 51 22 25 45  20 35 48 43 45  16 44 40 13 45   5 29 18 10 45  41  1 37 15 45  34 30 23 42 45  28 17 11 50 45  38 21 31 19 45  39 32 33 53 45   2 49 12 14 45  
47  4 48 27 46   9 10 25  7 46  37 53 28  5 46   8 52 23 26 46  21 36 49 44 46  17 45 41 14 46   6 30 19 11 46  42  2 38 16 46  35 31 24 43 46  29 18 12 51 46  39 22 32 20 46  40 33 34  1 46   3 50 13 15 46  
48  5 49 28 47  10 11 26  8 47  38  1 29  6 47   9 53 24 27 47  22 37 50 45 47  18 46 42 15 47   7 31 20 12 47  43  3 39 17 47  36 32 25 44 47  30 19 13 52 47  40 23 33 21 47  41 34 35  2 47   4 51 14 16 47  
49  6 50 29 48  11 12 27  9 48  39  2 30  7 48  10  1 25 28 48  23 38 51 46 48  19 47 43 16 48   8 32 21 13 48  44  4 40 18 48  37 33 26 45 48  31 20 14 53 48  41 24 34 22 48  42 35 36  3 48   5 52 15 17 48  
50  7 51 30 49  12 13 28 10 49  40  3 31  8 49  11  2 26 29 49  24 39 52 47 49  20 48 44 17 49   9 33 22 14 49  45  5 41 19 49  38 34 27 46 49  32 21 15  1 49  42 25 35 23 49  43 36 37  4 49   6 53 16 18 49  
51  8 52 31 50  13 14 29 11 50  41  4 32  9 50  12  3 27 30 50  25 40 53 48 50  21 49 45 18 50  10 34 23 15 50  46  6 42 20 50  39 35 28 47 50  33 22 16  2 50  43 26 36 24 50  44 37 38  5 50   7  1 17 19 50  
52  9 53 32 51  14 15 30 12 51  42  5 33 10 51  13  4 28 31 51  26 41  1 49 51  22 50 46 19 51  11 35 24 16 51  47  7 43 21 51  40 36 29 48 51  34 23 17  3 51  44 27 37 25 51  45 38 39  6 51   8  2 18 20 51  
53 10  1 33 52  15 16 31 13 52  43  6 34 11 52  14  5 29 32 52  27 42  2 50 52  23 51 47 20 52  12 36 25 17 52  48  8 44 22 52  41 37 30 49 52  35 24 18  4 52  45 28 38 26 52  46 39 40  7 52   9  3 19 21 52  
 1 11  2 34 53  16 17 32 14 53  44  7 35 12 53  15  6 30 33 53  28 43  3 51 53  24 52 48 21 53  13 37 26 18 53  49  9 45 23 53  42 38 31 50 53  36 25 19  5 53  46 29 39 27 53  47 40 41  8 53  10  4 20 22 53  
