53 13 13 13 1 l
28 38 29  8 A 43 44  6 41 A 18 34  9 39 A 42 33  4  7 A  2 17 30 25 A 51 26 22 48 A 40 11 53 45 A 23 36 19 50 A 16 12  5 24 A 10 52 46 32 A 20  3 13  1 A 21 14 15 35 A 37 31 47 49 A 
29 39 30  9 B 44 45  7 42 B 19 35 10 40 B 43 34  5  8 B  3 18 31 26 B 52 27 23 49 B 41 12  1 46 B 24 37 20 51 B 17 13  6 25 B 11 53 47 33 B 21  4 14  2 B 22 15 16 36 B 38 32 48 50 B 
30 40 31 10 C 45 46  8 43 C 20 36 11 41 C 44 35  6  9 C  4 19 32 27 C 53 28 24 50 C 42 13  2 47 C 25 38 21 52 C 18 14  7 26 C 12  1 48 34 C 22  5 15  3 C 23 16 17 37 C 39 33 49 51 C 
31 41 32 11 D 46 47  9 44 D 21 37 12 42 D 45 36  7 10 D  5 20 33 28 D  1 29 25 51 D 43 14  3 48 D 26 39 22 53 D 19 15  8 27 D 13  2 49 35 D 23  6 16  4 D 24 17 18 38 D 40 34 50 52 D 
32 42 33 12 E 47 48 10 45 E 22 38 13 43 E 46 37  8 11 E  6 21 34 29 E  2 30 26 52 E 44 15  4 49 E 27 40 23  1 E 20 16  9 28 E 14  3 50 36 E 24  7 17  5 E 25 18 19 39 E 41 35 51 53 E 
33 43 34 13 F 48 49 11 46 F 23 39 14 44 F 47 38  9 12 F  7 22 35 30 F  3 31 27 53 F 45 16  5 50 F 28 41 24  2 F 21 17 10 29 F 15  4 51 37 F 25  8 18  6 F 26 19 20 40 F 42 36 52  1 F 
34 44 35 14 G 49 50 12 47 G 24 40 15 45 G 48 39 10 13 G  8 23 36 31 G  4 32 28  1 G 46 17  6 51 G 29 42 25  3 G 22 18 11 30 G 16  5 52 38 G 26  9 19  7 G 27 20 21 41 G 43 37 53  2 G 
35 45 36 15 H 50 51 13 48 H 25 41 16 46 H 49 40 11 14 H  9 24 37 32 H  5 33 29  2 H 47 18  7 52 H 30 43 26  4 H 23 19 12 31 H 17  6 53 39 H 27 10 20  8 H 28 21 22 42 H 44 38  1  3 H 
36 46 37 16 I 51 52 14 49 I 26 42 17 47 I 50 41 12 15 I 10 25 38 33 I  6 34 30  3 I 48 19  8 53 I 31 44 27  5 I 24 20 13 32 I 18  7  1 40 I 28 11 21  9 I 29 22 23 43 I 45 39  2  4 I 
37 47 38 17 J 52 53 15 50 J 27 43 18 48 J 51 42 13 16 J 11 26 39 34 J  7 35 31  4 J 49 20  9  1 J 32 45 28  6 J 25 21 14 33 J 19  8  2 41 J 29 12 22 10 J 30 23 24 44 J 46 40  3  5 J 
38 48 39 18 K 53  1 16 51 K 28 44 19 49 K 52 43 14 17 K 12 27 40 35 K  8 36 32  5 K 50 21 10  2 K 33 46 29  7 K 26 22 15 34 K 20  9  3 42 K 30 13 23 11 K 31 24 25 45 K 47 41  4  6 K 
39 49 40 19 L  1  2 17 52 L 29 45 20 50 L 53 44 15 18 L 13 28 41 36 L  9 37 33  6 L 51 22 11  3 L 34 47 30  8 L 27 23 16 35 L 21 10  4 43 L 31 14 24 12 L 32 25 26 46 L 48 42  5  7 L 
40 50 41 20 M  2  3 18 53 M 30 46 21 51 M  1 45 16 19 M 14 29 42 37 M 10 38 34  7 M 52 23 12  4 M 35 48 31  9 M 28 24 17 36 M 22 11  5 44 M 32 15 25 13 M 33 26 27 47 M 49 43  6  8 M 