53 13 14 14 1 l
41 51 42 21 A  3  4 19  1 A 31 47 22 52 A  2 46 17 20 A 15 30 43 38 A 11 39 35  8 A 53 24 13  5 A 36 49 32 10 A 29 25 18 37 A 23 12  6 45 A 33 16 26 14 A 34 27 28 48 A 50 44  7  9 A 
42 52 43 22 B  4  5 20  2 B 32 48 23 53 B  3 47 18 21 B 16 31 44 39 B 12 40 36  9 B  1 25 14  6 B 37 50 33 11 B 30 26 19 38 B 24 13  7 46 B 34 17 27 15 B 35 28 29 49 B 51 45  8 10 B 
43 53 44 23 C  5  6 21  3 C 33 49 24  1 C  4 48 19 22 C 17 32 45 40 C 13 41 37 10 C  2 26 15  7 C 38 51 34 12 C 31 27 20 39 C 25 14  8 47 C 35 18 28 16 C 36 29 30 50 C 52 46  9 11 C 
44  1 45 24 D  6  7 22  4 D 34 50 25  2 D  5 49 20 23 D 18 33 46 41 D 14 42 38 11 D  3 27 16  8 D 39 52 35 13 D 32 28 21 40 D 26 15  9 48 D 36 19 29 17 D 37 30 31 51 D 53 47 10 12 D 
45  2 46 25 E  7  8 23  5 E 35 51 26  3 E  6 50 21 24 E 19 34 47 42 E 15 43 39 12 E  4 28 17  9 E 40 53 36 14 E 33 29 22 41 E 27 16 10 49 E 37 20 30 18 E 38 31 32 52 E  1 48 11 13 E 
46  3 47 26 F  8  9 24  6 F 36 52 27  4 F  7 51 22 25 F 20 35 48 43 F 16 44 40 13 F  5 29 18 10 F 41  1 37 15 F 34 30 23 42 F 28 17 11 50 F 38 21 31 19 F 39 32 33 53 F  2 49 12 14 F 
47  4 48 27 G  9 10 25  7 G 37 53 28  5 G  8 52 23 26 G 21 36 49 44 G 17 45 41 14 G  6 30 19 11 G 42  2 38 16 G 35 31 24 43 G 29 18 12 51 G 39 22 32 20 G 40 33 34  1 G  3 50 13 15 G 
48  5 49 28 H 10 11 26  8 H 38  1 29  6 H  9 53 24 27 H 22 37 50 45 H 18 46 42 15 H  7 31 20 12 H 43  3 39 17 H 36 32 25 44 H 30 19 13 52 H 40 23 33 21 H 41 34 35  2 H  4 51 14 16 H 
49  6 50 29 I 11 12 27  9 I 39  2 30  7 I 10  1 25 28 I 23 38 51 46 I 19 47 43 16 I  8 32 21 13 I 44  4 40 18 I 37 33 26 45 I 31 20 14 53 I 41 24 34 22 I 42 35 36  3 I  5 52 15 17 I 
50  7 51 30 J 12 13 28 10 J 40  3 31  8 J 11  2 26 29 J 24 39 52 47 J 20 48 44 17 J  9 33 22 14 J 45  5 41 19 J 38 34 27 46 J 32 21 15  1 J 42 25 35 23 J 43 36 37  4 J  6 53 16 18 J 
51  8 52 31 K 13 14 29 11 K 41  4 32  9 K 12  3 27 30 K 25 40 53 48 K 21 49 45 18 K 10 34 23 15 K 46  6 42 20 K 39 35 28 47 K 33 22 16  2 K 43 26 36 24 K 44 37 38  5 K  7  1 17 19 K 
52  9 53 32 L 14 15 30 12 L 42  5 33 10 L 13  4 28 31 L 26 41  1 49 L 22 50 46 19 L 11 35 24 16 L 47  7 43 21 L 40 36 29 48 L 34 23 17  3 L 44 27 37 25 L 45 38 39  6 L  8  2 18 20 L 
53 10  1 33 M 15 16 31 13 M 43  6 34 11 M 14  5 29 32 M 27 42  2 50 M 23 51 47 20 M 12 36 25 17 M 48  8 44 22 M 41 37 30 49 M 35 24 18  4 M 45 28 38 26 M 46 39 40  7 M  9  3 19 21 M 
 1 11  2 34 N 16 17 32 14 N 44  7 35 12 N 15  6 30 33 N 28 43  3 51 N 24 52 48 21 N 13 37 26 18 N 49  9 45 23 N 42 38 31 50 N 36 25 19  5 N 46 29 39 27 N 47 40 41  8 N 10  4 20 22 N 