53 13 13 13 1 l
 2 12  3 35 A 17 18 33 15 A 45  8 36 13 A 16  7 31 34 A 29 44  4 52 A 25 53 49 22 A 14 38 27 19 A 50 10 46 24 A 43 39 32 51 A 37 26 20  6 A 47 30 40 28 A 48 41 42  9 A 11  5 21 23 A 
 3 13  4 36 B 18 19 34 16 B 46  9 37 14 B 17  8 32 35 B 30 45  5 53 B 26  1 50 23 B 15 39 28 20 B 51 11 47 25 B 44 40 33 52 B 38 27 21  7 B 48 31 41 29 B 49 42 43 10 B 12  6 22 24 B 
 4 14  5 37 C 19 20 35 17 C 47 10 38 15 C 18  9 33 36 C 31 46  6  1 C 27  2 51 24 C 16 40 29 21 C 52 12 48 26 C 45 41 34 53 C 39 28 22  8 C 49 32 42 30 C 50 43 44 11 C 13  7 23 25 C 
 5 15  6 38 D 20 21 36 18 D 48 11 39 16 D 19 10 34 37 D 32 47  7  2 D 28  3 52 25 D 17 41 30 22 D 53 13 49 27 D 46 42 35  1 D 40 29 23  9 D 50 33 43 31 D 51 44 45 12 D 14  8 24 26 D 
 6 16  7 39 E 21 22 37 19 E 49 12 40 17 E 20 11 35 38 E 33 48  8  3 E 29  4 53 26 E 18 42 31 23 E  1 14 50 28 E 47 43 36  2 E 41 30 24 10 E 51 34 44 32 E 52 45 46 13 E 15  9 25 27 E 
 7 17  8 40 F 22 23 38 20 F 50 13 41 18 F 21 12 36 39 F 34 49  9  4 F 30  5  1 27 F 19 43 32 24 F  2 15 51 29 F 48 44 37  3 F 42 31 25 11 F 52 35 45 33 F 53 46 47 14 F 16 10 26 28 F 
 8 18  9 41 G 23 24 39 21 G 51 14 42 19 G 22 13 37 40 G 35 50 10  5 G 31  6  2 28 G 20 44 33 25 G  3 16 52 30 G 49 45 38  4 G 43 32 26 12 G 53 36 46 34 G  1 47 48 15 G 17 11 27 29 G 
 9 19 10 42 H 24 25 40 22 H 52 15 43 20 H 23 14 38 41 H 36 51 11  6 H 32  7  3 29 H 21 45 34 26 H  4 17 53 31 H 50 46 39  5 H 44 33 27 13 H  1 37 47 35 H  2 48 49 16 H 18 12 28 30 H 
10 20 11 43 I 25 26 41 23 I 53 16 44 21 I 24 15 39 42 I 37 52 12  7 I 33  8  4 30 I 22 46 35 27 I  5 18  1 32 I 51 47 40  6 I 45 34 28 14 I  2 38 48 36 I  3 49 50 17 I 19 13 29 31 I 
11 21 12 44 J 26 27 42 24 J  1 17 45 22 J 25 16 40 43 J 38 53 13  8 J 34  9  5 31 J 23 47 36 28 J  6 19  2 33 J 52 48 41  7 J 46 35 29 15 J  3 39 49 37 J  4 50 51 18 J 20 14 30 32 J 
12 22 13 45 K 27 28 43 25 K  2 18 46 23 K 26 17 41 44 K 39  1 14  9 K 35 10  6 32 K 24 48 37 29 K  7 20  3 34 K 53 49 42  8 K 47 36 30 16 K  4 40 50 38 K  5 51 52 19 K 21 15 31 33 K 
13 23 14 46 L 28 29 44 26 L  3 19 47 24 L 27 18 42 45 L 40  2 15 10 L 36 11  7 33 L 25 49 38 30 L  8 21  4 35 L  1 50 43  9 L 48 37 31 17 L  5 41 51 39 L  6 52 53 20 L 22 16 32 34 L 
14 24 15 47 M 29 30 45 27 M  4 20 48 25 M 28 19 43 46 M 41  3 16 11 M 37 12  8 34 M 26 50 39 31 M  9 22  5 36 M  2 51 44 10 M 49 38 32 18 M  6 42 52 40 M  7 53  1 21 M 23 17 33 35 M 