53 13 13 13 1 l
15 25 16 48 A 30 31 46 28 A  5 21 49 26 A 29 20 44 47 A 42  4 17 12 A 38 13  9 35 A 27 51 40 32 A 10 23  6 37 A  3 52 45 11 A 50 39 33 19 A  7 43 53 41 A  8  1  2 22 A 24 18 34 36 A 
16 26 17 49 B 31 32 47 29 B  6 22 50 27 B 30 21 45 48 B 43  5 18 13 B 39 14 10 36 B 28 52 41 33 B 11 24  7 38 B  4 53 46 12 B 51 40 34 20 B  8 44  1 42 B  9  2  3 23 B 25 19 35 37 B 
17 27 18 50 C 32 33 48 30 C  7 23 51 28 C 31 22 46 49 C 44  6 19 14 C 40 15 11 37 C 29 53 42 34 C 12 25  8 39 C  5  1 47 13 C 52 41 35 21 C  9 45  2 43 C 10  3  4 24 C 26 20 36 38 C 
18 28 19 51 D 33 34 49 31 D  8 24 52 29 D 32 23 47 50 D 45  7 20 15 D 41 16 12 38 D 30  1 43 35 D 13 26  9 40 D  6  2 48 14 D 53 42 36 22 D 10 46  3 44 D 11  4  5 25 D 27 21 37 39 D 
19 29 20 52 E 34 35 50 32 E  9 25 53 30 E 33 24 48 51 E 46  8 21 16 E 42 17 13 39 E 31  2 44 36 E 14 27 10 41 E  7  3 49 15 E  1 43 37 23 E 11 47  4 45 E 12  5  6 26 E 28 22 38 40 E 
20 30 21 53 F 35 36 51 33 F 10 26  1 31 F 34 25 49 52 F 47  9 22 17 F 43 18 14 40 F 32  3 45 37 F 15 28 11 42 F  8  4 50 16 F  2 44 38 24 F 12 48  5 46 F 13  6  7 27 F 29 23 39 41 F 
21 31 22  1 G 36 37 52 34 G 11 27  2 32 G 35 26 50 53 G 48 10 23 18 G 44 19 15 41 G 33  4 46 38 G 16 29 12 43 G  9  5 51 17 G  3 45 39 25 G 13 49  6 47 G 14  7  8 28 G 30 24 40 42 G 
22 32 23  2 H 37 38 53 35 H 12 28  3 33 H 36 27 51  1 H 49 11 24 19 H 45 20 16 42 H 34  5 47 39 H 17 30 13 44 H 10  6 52 18 H  4 46 40 26 H 14 50  7 48 H 15  8  9 29 H 31 25 41 43 H 
23 33 24  3 I 38 39  1 36 I 13 29  4 34 I 37 28 52  2 I 50 12 25 20 I 46 21 17 43 I 35  6 48 40 I 18 31 14 45 I 11  7 53 19 I  5 47 41 27 I 15 51  8 49 I 16  9 10 30 I 32 26 42 44 I 
24 34 25  4 J 39 40  2 37 J 14 30  5 35 J 38 29 53  3 J 51 13 26 21 J 47 22 18 44 J 36  7 49 41 J 19 32 15 46 J 12  8  1 20 J  6 48 42 28 J 16 52  9 50 J 17 10 11 31 J 33 27 43 45 J 
25 35 26  5 K 40 41  3 38 K 15 31  6 36 K 39 30  1  4 K 52 14 27 22 K 48 23 19 45 K 37  8 50 42 K 20 33 16 47 K 13  9  2 21 K  7 49 43 29 K 17 53 10 51 K 18 11 12 32 K 34 28 44 46 K 
26 36 27  6 L 41 42  4 39 L 16 32  7 37 L 40 31  2  5 L 53 15 28 23 L 49 24 20 46 L 38  9 51 43 L 21 34 17 48 L 14 10  3 22 L  8 50 44 30 L 18  1 11 52 L 19 12 13 33 L 35 29 45 47 L 
27 37 28  7 M 42 43  5 40 M 17 33  8 38 M 41 32  3  6 M  1 16 29 24 M 50 25 21 47 M 39 10 52 44 M 22 35 18 49 M 15 11  4 23 M  9 51 45 31 M 19  2 12 53 M 20 13 14 34 M 36 30 46 48 M 